428	428
488	488
126	126
304	160
369	369
61	918
461	214
590	108
461	461
672	672
460	264
457	994
25	25
329	854
460	385
436	436
232	880
801	143
581	387
39	503
489	807
805	805
390	526
761	362
436	413
856	856
264	50
394	425
838	838
428	256
871	871
284	913
343	343
812	812
126	457
390	256
284	284
871	718
304	109
47	47
919	489
778	778
175	992
996	372
140	140
172	172
606	550
383	383
267	428
55	172
232	232
475	475
503	39
294	45
595	558
385	172
425	394
267	55
815	143
143	815
172	55
55	284
256	45
108	812
606	918
996	996
842	44
457	718
390	390
239	239
417	264
13	171
264	417
756	489
256	413
387	744
718	871
143	801
516	516
264	264
205	84
799	50
362	58
713	383
50	39
614	508
56	369
508	508
109	143
302	421
641	641
50	304
600	600
47	805
944	944
205	205
541	541
13	13
488	413
992	175
369	56
304	85
175	200
718	457
58	200
918	918
969	969
526	390
61	61
313	44
153	153
792	792
39	307
747	232
397	397
160	304
866	866
140	84
461	417
284	205
160	160
805	47
950	950
799	799
56	880
637	108
672	969
832	832
304	304
193	854
383	475
383	713
385	264
489	489
372	996
581	581
172	385
150	385
637	503
226	124
150	641
307	39
397	369
614	614
508	614
385	385
205	284
193	193
372	699
162	489
44	842
362	761
108	387
854	329
239	25
918	606
717	854
713	713
550	606
747	226
503	503
47	232
595	595
108	108
873	329
994	457
747	747
47	744
637	713
205	162
569	569
872	872
284	55
457	126
721	721
369	13
950	126
162	205
56	56
45	294
226	226
385	460
718	944
226	747
200	200
503	637
880	880
328	614
141	141
761	761
421	302
325	325
913	913
47	460
307	307
55	55
417	417
413	56
918	61
239	428
13	369
85	55
699	372
214	214
425	425
819	819
457	457
214	461
366	366
852	852
701	701
550	550
657	267
328	366
807	44
143	302
162	590
58	362
718	390
178	799
859	859
708	708
919	919
557	557
369	595
397	541
590	590
302	214
801	801
503	460
44	44
313	327
45	256
489	162
880	56
232	747
926	926
807	807
109	304
294	996
927	927
329	801
657	657
744	387
428	267
267	606
372	372
992	992
460	503
313	313
162	162
556	556
56	13
13	457
934	934
413	256
815	815
44	807
485	150
168	168
397	275
913	996
812	108
214	302
200	175
590	162
39	50
413	413
294	294
143	143
461	807
657	126
366	328
302	801
327	327
538	538
417	239
428	239
387	387
713	637
239	461
873	873
328	328
606	538
778	366
814	814
799	178
538	421
302	302
85	304
387	108
13	56
756	756
394	394
788	788
637	637
327	313
109	109
697	697
141	61
50	50
275	397
343	550
973	973
854	854
175	175
267	267
84	84
256	428
55	267
796	796
413	488
973	447
558	595
489	919
58	58
329	372
84	205
460	47
150	150
168	436
854	193
485	485
385	150
275	275
124	124
744	744
109	508
913	284
457	13
372	329
606	267
108	637
461	239
460	460
39	39
508	109
25	239
267	657
50	799
304	50
744	47
390	718
175	421
58	421
526	526
558	558
595	369
256	256
302	143
50	264
592	592
489	756
807	489
880	232
805	327
565	565
232	47
143	109
126	950
717	717
421	175
718	718
417	461
327	805
721	872
124	226
614	328
550	343
994	994
264	385
842	600
421	58
256	390
784	784
436	168
45	45
150	485
84	140
541	397
854	717
996	294
55	85
801	302
447	973
79	79
369	397
801	329
699	699
56	413
807	461
171	171
942	942
126	657
600	842
329	873
842	842
232	275
413	436
421	538
44	313
447	447
85	85
969	672
872	721
366	778
641	150
108	590
387	581
239	417
329	329
475	383
178	178
421	421
944	718
362	362
538	606
275	232
171	13
61	141
200	58
606	606
996	913
264	460
