428	428	0.3303743600845337
267	267	0.36249566078186035
84	84	0.550058126449585
61	61	0.3629215359687805
488	488	0.38233107328414917
126	126	0.4629383087158203
369	369	0.3779909014701843
153	153	0.5033099055290222
796	796	0.35601991415023804
461	461	0.36263883113861084
672	672	0.4111454486846924
792	792	0.5093517303466797
214	214	0.4240610599517822
425	425	0.39499688148498535
819	819	0.4868032932281494
457	457	0.48273229598999023
25	25	0.4451535940170288
58	58	0.3529741168022156
397	397	0.46866345405578613
366	366	0.41625046730041504
150	150	0.37750136852264404
866	866	0.3789544701576233
852	852	0.5398898124694824
701	701	0.4692465662956238
485	485	0.3631010055541992
550	550	0.32663315534591675
160	160	0.4796100854873657
436	436	0.46346616744995117
275	275	0.5698997378349304
124	124	0.40899360179901123
950	950	0.4413377046585083
744	744	0.41926223039627075
799	799	0.3904917240142822
832	832	0.36754292249679565
304	304	0.3688530921936035
859	859	0.5025463104248047
460	460	0.3972182869911194
708	708	0.4588925242424011
919	919	0.40205204486846924
557	557	0.4957306981086731
39	39	0.4429793357849121
805	805	0.3786349296569824
590	590	0.38841646909713745
801	801	0.3769022226333618
856	856	0.38416749238967896
489	489	0.40422898530960083
838	838	0.4041956067085266
44	44	0.40219545364379883
526	526	0.3585113286972046
581	581	0.32197481393814087
558	558	0.4305785298347473
256	256	0.33572107553482056
871	871	0.43434351682662964
926	926	0.4038541316986084
614	614	0.37589430809020996
343	343	0.3842480182647705
807	807	0.3494860529899597
385	385	0.4097931385040283
812	812	0.43405091762542725
193	193	0.33901530504226685
284	284	0.3499072790145874
927	927	0.48185789585113525
592	592	0.3740701675415039
657	657	0.37605392932891846
372	372	0.4226980209350586
565	565	0.3872523307800293
992	992	0.37529873847961426
47	47	0.4001424312591553
313	313	0.3688490390777588
162	162	0.35877758264541626
717	717	0.36468541622161865
556	556	0.4066501259803772
713	713	0.3481525778770447
778	778	0.36285972595214844
934	934	0.37151479721069336
718	718	0.40208399295806885
140	140	0.46562498807907104
172	172	0.5285812616348267
815	815	0.396312415599823
383	383	0.3790915012359619
503	503	0.3634148836135864
232	232	0.40175557136535645
475	475	0.46126115322113037
168	168	0.5719599723815918
595	595	0.43766218423843384
108	108	0.39743852615356445
994	994	0.36299699544906616
747	747	0.4563337564468384
784	784	0.3811820149421692
45	45	0.38610076904296875
569	569	0.37379950284957886
996	996	0.3895835876464844
413	413	0.33458399772644043
390	390	0.5236647725105286
872	872	0.37575387954711914
239	239	0.3991439938545227
294	294	0.41483914852142334
721	721	0.4720115065574646
143	143	0.3447723388671875
79	79	0.5491814613342285
327	327	0.42629677057266235
56	56	0.37429630756378174
699	699	0.4046252965927124
538	538	0.4090041518211365
387	387	0.3585584759712219
171	171	0.42534685134887695
226	226	0.37912219762802124
942	942	0.4983871579170227
873	873	0.3781549334526062
328	328	0.43742507696151733
842	842	0.3518185019493103
516	516	0.37247341871261597
264	264	0.37298935651779175
814	814	0.489004909992218
447	447	0.41552162170410156
85	85	0.4307682514190674
200	200	0.3821732997894287
508	508	0.4121941328048706
880	880	0.43498557806015015
302	302	0.3483094573020935
141	141	0.39807844161987305
641	641	0.4760720729827881
761	761	0.5173864364624023
600	600	0.38857609033584595
329	329	0.3481423258781433
756	756	0.41718101501464844
394	394	0.483776330947876
178	178	0.48675429821014404
788	788	0.3755958080291748
944	944	0.4326585531234741
637	637	0.37540721893310547
421	421	0.40250086784362793
205	205	0.6190121173858643
541	541	0.4269733428955078
325	325	0.3922783136367798
109	109	0.37934064865112305
697	697	0.46423178911209106
913	913	0.33606982231140137
13	13	0.34919029474258423
307	307	0.4890335202217102
55	55	0.4372990131378174
362	362	0.3773084282875061
417	417	0.32629770040512085
50	50	0.34418612718582153
918	918	0.37178176641464233
973	973	0.3724939823150635
606	606	0.4251442551612854
854	854	0.35762423276901245
969	969	0.47665733098983765
175	175	0.3779296875
