223 223
237 237
15 15
18 18
787 787
716 716
137 137
93 93
221 221
438 438
549 549
216 216
615 615
650 650
845 845
759 759
967 967
813 813
604 604
681 681
674 674
500 500
119 119
276 276
261 261
484 484
20 20
499 499
863 863
691 691
201 201
655 655
104 104
888 888
920 920
661 661
660 660
202 202
531 531
429 429
860 860
765 765
522 522
510 510
692 692
772 772
623 623
144 144
422 422
215 215
297 297
886 886
37 37
244 244
99 99
2 2
780 780
945 945
147 147
35 35
333 333
384 384
976 976
260 260
802 802
598 598
116 116
941 941
445 445
100 100
622 622
81 81
689 689
738 738
868 868
906 906
115 115
189 189
415 415
10 10
155 155
609 609
535 535
180 180
694 694
752 752
990 990
560 560
427 427
616 616
452 452
41 41
151 151
28 28
975 975
154 154
561 561
470 470
846 846
766 766
97 97
626 626
274 274
67 67
227 227
885 885
393 393
900 900
943 943
551 551
628 628
286 286
901 901
639 639
399 399
224 224
293 293
725 725
243 243
391 391
326 326
374 374
999 999
448 448
481 481
463 463
431 431
410 410
188 188
76 76
277 277
889 889
640 640
389 389
620 620
131 131
228 228
668 668
862 862
29 29
310 310
613 613
940 940
664 664
401 401
928 928
688 688
715 715
148 148
64 64
9 9
774 774
91 91
3 3
518 518
956 956
506 506
599 599
229 229
732 732
204 204
687 687
54 54
386 386
995 995
782 782
186 186
564 564
407 407
779 779
300 300
289 289
517 517
553 553
568 568
629 629
433 433
577 577
271 271
570 570
588 588
66 66
86 86
451 451
378 378
420 420
755 755
737 737
89 89
332 332
308 308
991 991
36 36
791 791
477 477
781 781
87 87
263 263
197 197
359 359
59 59
540 540
71 71
138 138
278 278
907 907
878 878
963 963
392 392
442 442
705 705
352 352
409 409
502 502
542 542
219 219
90 90
673 673
149 149
644 644
225 225
92 92
21 21
494 494
841 841
396 396
492 492
827 827
958 958
947 947
728 728
272 272
408 408
368 368
132 132
273 273
882 882
456 456
311 311
890 890
666 666
775 775
367 367
983 983
339 339
741 741
726 726
248 248
797 797
490 490
887 887
282 282
209 209
923 923
795 795
638 638
823 823
735 735
596 596
27 27
270 270
170 170
537 537
937 937
903 903
350 350
515 515
462 462
88 88
892 892
306 306
292 292
981 981
883 883
949 949
73 73
404 404
252 252
11 11
916 916
997 997
908 908
731 731
346 346
176 176
633 633
642 642
751 751
546 546
884 884
423 423
130 130
678 678
280 280
723 723
128 128
6 6
257 257
750 750
65 65
729 729
468 468
139 139
211 211
340 340
679 679
582 582
498 498
53 53
833 833
589 589
706 706
253 253
164 164
914 914
255 255
512 512
850 850
453 453
602 602
259 259
893 893
836 836
136 136
988 988
972 972
659 659
48 48
42 42
497 497
935 935
543 543
206 206
722 722
902 902
315 315
353 353
824 824
585 585
166 166
580 580
22 22
418 418
810 810
808 808
185 185
605 605
247 247
929 929
240 240
957 957
743 743
94 94
281 281
142 142
19 19
95 95
656 656
648 648
487 487
702 702
770 770
285 285
430 430
321 321
38 38
921 921
375 375
980 980
971 971
844 844
684 684
416 416
60 60
191 191
491 491
653 653
449 449
291 291
703 703
783 783
742 742
954 954
571 571
111 111
748 748
450 450
496 496
749 749
472 472
403 403
793 793
904 904
361 361
915 915
159 159
412 412
96 96
911 911
786 786
776 776
454 454
501 501
356 356
234 234
190 190
290 290
105 105
591 591
268 268
946 946
395 395
621 621
459 459
279 279
930 930
364 364
69 69
603 603
349 349
235 235
566 566
811 811
618 618
145 145
110 110
231 231
858 858
724 724
5 5
344 344
671 671
77 77
341 341
952 952
363 363
925 925
645 645
57 57
734 734
370 370
80 80
905 905
380 380
864 864
707 707
98 98
607 607
837 837
818 818
230 230
262 262
922 922
977 977
458 458
612 612
373 373
78 78
680 680
867 867
101 101
847 847
348 348
658 658
594 594
443 443
861 861
70 70
388 388
419 419
400 400
242 242
939 939
152 152
720 720
360 360
254 254
539 539
411 411
158 158
608 608
966 966
118 118
828 828
709 709
250 250
49 49
14 14
195 195
357 357
740 740
634 634
179 179
249 249
948 948
548 548
758 758
107 107
173 173
853 853
1 1
32 32
625 625
72 72
899 899
562 562
826 826
217 217
161 161
573 573
754 754
83 83
218 218
17 17
318 318
295 295
669 669
283 283
309 309
533 533
710 710
894 894
113 113
505 505
554 554
146 146
82 82
803 803
464 464
821 821
376 376
483 483
156 156
377 377
398 398
910 910
466 466
670 670
382 382
798 798
174 174
763 763
757 757
439 439
182 182
63 63
820 820
7 7
324 324
809 809
527 527
334 334
251 251
106 106
296 296
444 444
120 120
62 62
768 768
830 830
745 745
583 583
165 165
314 314
117 117
133 133
345 345
877 877
199 199
265 265
840 840
682 682
371 371
4 4
874 874
544 544
8 8
288 288
771 771
987 987
938 938
177 177
767 767
435 435
163 163
521 521
33 33
700 700
358 358
534 534
52 52
301 301
773 773
917 917
482 482
714 714
733 733
631 631
236 236
610 610
465 465
611 611
951 951
513 513
486 486
567 567
993 993
129 129
511 511
619 619
769 769
213 213
167 167
711 711
785 785
169 169
426 426
936 936
794 794
322 322
865 865
572 572
693 693
647 647
804 804
337 337
437 437
961 961
536 536
381 381
51 51
441 441
974 974
869 869
636 636
746 746
320 320
690 690
964 964
114 114
479 479
698 698
652 652
30 30
727 727
683 683
446 446
839 839
414 414
525 525
667 667
932 932
112 112
495 495
855 855
955 955
323 323
875 875
121 121
685 685
347 347
312 312
898 898
192 192
23 23
576 576
555 555
753 753
424 424
547 547
586 586
520 520
305 305
985 985
125 125
719 719
552 552
730 730
181 181
0 0
319 319
432 432
968 968
127 127
299 299
953 953
365 365
825 825
68 68
817 817
331 331
330 330
402 402
879 879
222 222
876 876
848 848
34 34
834 834
762 762