568 0 827
509 42 666
878 35 220
626 27 415
815 6 359
711 41 232
257 29 486
478 3 315
245 48 244
40 48 100
756 27 45
487 6 53
264 23 741
981 38 546
545 4 705
642 14 477
837 38 237
299 47 661
444 1 710
308 16 50
785 5 913
856 8 580
597 41 914
174 40 528
749 1 325
356 16 716
193 27 120
235 12 142
293 14 143
540 35 590
80 5 924
773 34 862
724 23 243
853 38 647
184 9 465
823 29 879
482 16 931
838 3 113
139 37 704
467 6 550
970 14 919
939 28 327
5 31 764
905 30 101
300 29 984
478 43 850
235 5 739
168 47 149
749 7 177
227 6 5
319 49 740
876 41 158
472 20 621
756 18 20
404 3 142
830 11 57
556 43 531
546 27 785
914 31 108
148 5 843
290 9 253
539 24 455
487 25 855
565 1 496
115 34 965
634 11 100
448 10 3
161 45 580
399 26 325
677 44 517
138 17 428
886 3 313
409 13 314
822 34 700
917 33 803
853 43 397
847 2 653
496 39 384
650 43 361
347 12 760
864 49 247
232 31 87
796 36 616
486 36 528
116 48 49
123 8 758
611 3 853
624 2 304
237 29 992
999 22 338
194 48 579
528 27 547
212 22 144
664 49 532
878 3 143
988 32 584
858 15 383
10 26 22
28 21 673
42 3 846
883 20 433
259 33 213
604 48 881
563 20 971
988 36 883
377 15 534
965 11 253
812 45 92
338 23 228
990 46 238
919 27 211
666 11 94
41 8 429
503 26 594
787 47 182
600 36 197
53 18 64
803 40 953
924 8 431
600 44 837
157 29 109
904 12 656
964 31 485
91 40 82
473 24 959
803 10 471
494 16 900
615 10 130
346 37 256
914 46 909
971 3 442
918 17 338
111 42 357
379 38 845
119 8 403
710 39 633
229 13 260
804 0 174
884 21 845
882 25 679
650 9 482
12 1 932
915 1 253
448 7 592
567 3 844
673 12 575
710 44 766
857 23 377
816 7 497
33 30 13
197 27 272
754 0 564
963 25 645
240 35 332
229 3 377
866 23 509
443 24 850
30 0 728
695 14 978
728 41 619
189 11 91
12 43 251
139 13 258
214 7 892
675 34 710
277 34 918
978 12 129
321 8 51
786 46 387
395 43 399
951 37 45
975 39 454
693 6 365
668 25 751
87 4 487
928 0 687
453 28 879
433 17 103
616 23 249
547 30 833
99 41 482
543 28 584
805 23 54
989 8 433
941 11 335
646 47 640
123 29 405
42 9 271
771 13 333
571 11 948
747 38 461
256 41 208
205 14 514
5 39 116
778 37 319
546 32 782
879 12 81
62 17 719
195 36 488
594 4 964
459 27 762
533 0 367
732 28 897
965 45 107
972 32 655
452 11 211
579 41 359
8 3 52
115 5 762
206 31 648
516 4 949
967 33 128
454 42 22
411 8 152
299 19 109
978 46 680
866 15 698
315 16 972
793 37 674
648 46 317
978 45 903
980 25 704
53 37 660
831 43 438
272 5 346
745 47 853
626 21 499
756 2 368
376 19 62
509 40 394
221 38 159
898 35 563
580 44 108
788 39 524
749 7 362
411 11 733
18 26 127
226 25 760
838 13 968
262 38 489
597 40 425
292 33 394
973 9 617
421 4 587
837 9 632
651 11 857
686 29 274
416 39 658
334 43 183
127 4 407
837 46 711
982 48 291
721 43 339
817 27 226
884 23 595
246 37 255
429 39 498
958 21 8
239 39 746
984 36 643
240 42 104
3 13 280
872 4 480
764 21 123
20 18 933
657 39 510
850 35 238
250 45 369
540 1 563
276 40 5
751 33 551
924 15 227
683 12 779
922 25 581
36 24 421
875 38 367
519 28 356
233 41 591
241 23 569
305 43 391
99 40 796
190 27 488
736 4 746
355 29 310
975 29 428
571 7 677
994 34 777
426 9 485
802 9 140
60 6 713
69 6 969
460 38 89
893 41 980
18 25 323
91 10 830
928 27 238
817 39 670
215 40 17
361 18 461
437 42 644
130 42 490
999 17 908
586 8 75
917 43 861
719 44 464
230 25 137
154 33 108
464 0 939
277 26 909
102 11 433
179 21 928
686 34 437
807 13 443
843 39 692
679 1 502
162 14 656
86 25 493
374 17 466
829 12 478
362 6 778
347 35 154
52 39 81
868 18 938
138 11 845
373 9 110
360 23 138
608 12 758
753 4 600
407 33 217
517 27 497
175 37 337
460 2 53
128 42 366
856 15 679
19 3 674
152 33 145
270 43 813
395 38 467
162 14 490
412 36 942
855 19 458
332 34 308
777 9 206
896 12 137
1 28 441
673 2 636
960 33 529
988 45 537
363 33 496
32 5 862
413 28 754
611 8 342
824 33 137
76 17 125
870 32 685
183 37 223
221 26 188
320 38 865
97 36 758
198 28 296
750 3 462
376 41 241
472 28 117
127 48 252
626 7 598
254 5 125
787 24 716
850 22 248
787 41 180
511 11 828
411 28 706
488 39 470
455 39 671
474 31 802
822 27 498
578 9 64
142 27 499
657 32 773
133 30 56
225 40 505
484 11 671
176 19 54
146 13 966
981 43 451
940 41 85
634 26 200
423 9 108
471 21 911
301 39 567
124 40 427
941 22 796
789 48 422
395 14 285
812 40 209
390 11 263
625 13 708
791 39 874
25 39 488
133 30 240
910 13 886
636 14 403
472 39 274
468 9 808
269 35 256
738 14 109
563 5 593
398 32 586
649 26 952
670 40 463
331 24 564
71 3 602
60 4 320
188 43 360
268 6 176
483 29 619
695 8 23
331 29 767
779 9 561
105 6 996
518 18 780
680 15 103
568 28 242
619 26 970
751 4 486
532 33 152
991 36 79
659 3 531
354 27 575
4 24 24
76 19 640
873 9 147
167 9 873
666 43 799
597 40 824
52 19 367
870 44 843
60 27 942
929 22 823
62 48 759
406 4 596
962 40 535
246 15 429
337 49 737
286 13 2
570 9 763
289 40 501
483 9 122
7 34 275
474 23 620
613 42 328
615 34 591
426 35 112
510 26 645
267 46 439
859 4 253
129 38 931
798 14 347
637 1 882
575 0 506
94 38 795
314 14 147
391 44 594
620 23 683
686 21 155
759 9 811
706 29 918
442 15 790
405 19 363
622 36 864
311 13 710
967 40 516
698 39 350
571 41 427
956 10 691
228 44 431
879 6 504
761 42 149
501 13 929
332 26 461
527 35 920
398 4 432
943 49 274
397 29 917
783 4 90
785 42 720
760 33 790
749 23 946
966 28 875
139 30 42
125 42 314
286 31 734
692 43 655
236 5 846
574 35 568
326 6 431
721 40 600
413 17 97
225 41 450
983 4 416
604 2 724
464 2 884
256 41 671
982 1 658
14 31 899
138 4 478
153 5 820
14 46 814
650 42 791
478 21 586
525 48 55
26 10 126
111 47 776
961 2 808
976 31 377
925 29 706
235 47 542
45 45 715
861 45 925
996 22 297
332 22 155
21 19 283
999 5 280
82 42 500
639 24 956
868 7 779
230 25 795
269 46 581
228 45 229
239 36 465
659 40 37
149 15 383
813 44 897
598 43 788
308 31 800
738 28 327
512 4 537
51 40 60
225 45 760
179 16 603
297 38 804
416 0 7
729 36 613
665 45 466
106 1 847
583 10 825
185 44 905
284 43 687
319 38 687
472 43 294
546 26 925
413 3 6
17 44 335
766 25 971
251 18 539
0 5 55
783 27 101
948 10 61
200 9 554
32 7 503
454 1 902
359 16 301
853 16 18
638 18 965
673 43 994
70 48 143
439 28 685
978 0 997
121 42 99
699 48 344
344 14 929
263 40 891
241 40 646
872 13 942
866 49 486
954 30 894
90 0 858
374 18 914
50 43 464
707 11 438
217 29 144
884 25 202
674 12 684
285 4 956
234 8 357
245 20 288
719 39 174
993 43 162
736 26 570
937 38 112
335 36 881
967 33 938
882 21 478
586 2 874
690 36 864
607 33 672
640 19 34
751 14 596
936 39 747
411 47 876
37 9 685
113 16 969
733 26 309
428 9 108
336 45 872
297 34 713
39 29 771
319 46 914
557 1 57
330 16 829
935 40 620
384 0 16
837 0 890
780 45 213
150 21 947
748 43 227
903 6 626
318 45 719
222 38 916
849 36 839
436 47 6
350 41 939
414 25 405
813 26 104
900 39 505
947 7 392
559 49 337
38 36 459
20 23 755
639 14 68
688 45 755
95 48 958
444 24 753
943 41 105
863 14 104
423 25 711
123 0 574
577 14 665
404 47 400
823 23 784
802 43 652
303 35 710
435 47 306
91 8 929
623 20 750
988 24 622
281 20 613
28 3 787
278 25 621
245 36 710
21 43 325
488 8 774
697 32 983
569 17 75
167 29 474
180 27 799
355 22 691
916 42 461
180 21 769
311 43 537
905 10 18
157 5 507
371 18 640
581 47 648
489 27 243
476 46 754
228 12 540
623 9 84
110 10 577
957 39 416
688 8 274
356 15 694
370 15 584
213 17 927
274 2 519
160 9 879
686 32 748
558 27 182
430 6 634
773 6 991
511 27 148
854 4 889
399 29 175
970 10 185
871 34 782
764 47 712
429 11 895
706 29 650
538 21 132
815 25 24
423 39 741
86 23 775
958 5 61
66 2 140
209 15 866
615 48 44
745 34 295
604 3 889
258 13 158
587 6 672
779 41 628
734 49 437
467 11 965
412 15 475
72 6 854
255 13 17
803 7 738
162 12 753
951 38 299
932 6 47
549 31 563
591 16 910
240 11 352
520 4 173
417 43 560
181 35 964
564 31 347
272 40 890
559 25 813
405 27 552
929 34 378
382 1 685
668 7 899
869 18 173
590 33 671
250 27 405
933 42 543
424 5 342
380 19 131
392 14 870
104 34 834
637 45 958
142 1 503
765 22 152
464 26 198
748 22 845
216 40 203
162 12 394
107 10 950
549 38 550
674 17 298
100 9 956
398 27 908
390 43 351
80 32 569
112 44 417
730 13 281
643 40 965
525 7 828
226 45 913
948 25 676
772 11 748
930 5 268
413 30 641
676 49 719
268 25 301
422 46 68
309 43 645
744 0 937
578 11 856
702 17 624
288 45 690
858 10 855
484 34 284
710 23 192
489 13 807
125 12 879
916 41 229
583 0 302
134 4 785
829 42 355
844 32 372
101 31 424
136 6 827
19 12 281
961 17 322
834 16 973
88 36 35
405 7 816
220 0 352
332 23 124
421 12 794
289 44 112
219 44 758
588 34 908
680 16 725
728 32 302
169 15 570
911 19 898
623 17 621
237 36 642
702 13 345
461 26 708
144 38 161
58 35 675
828 10 533
982 22 550
928 22 746
758 31 215
59 23 599
136 14 306
664 36 855
458 5 686
901 26 38
373 8 753
923 48 665
155 29 312
276 23 369
816 37 901
129 47 247
400 47 899
18 13 247
706 44 864
745 29 914
674 30 434
604 40 877
378 4 707
371 18 86
293 5 393
720 16 485
841 8 216
975 21 348
734 1 960
308 41 58
574 38 768
38 30 74
196 34 445
212 0 464
201 38 625
484 33 570
33 17 171
873 2 528
102 35 903
536 28 730
984 40 605
43 2 494
759 36 713
457 34 31
385 40 569
953 2 724
808 22 16
848 49 511
914 41 995
781 6 828
976 11 912
68 27 842
356 12 150
97 46 354
689 31 438
167 4 731
376 44 121
801 17 967
106 36 36
408 43 414
61 9 613
442 19 420
808 6 327
227 32 739
782 1 284
39 3 766
360 29 568
50 28 174
897 28 458
23 7 925
903 26 146
660 39 252
506 29 422
642 7 788
324 15 626
531 3 822
922 39 34
595 1 799
522 30 973
762 30 855
461 26 944
624 16 401
473 35 539
954 7 216
464 49 673
14 37 693
183 46 582
101 37 7
243 17 55
311 9 975
419 0 794
973 44 384
989 27 173
708 36 898
382 47 291
890 29 290
927 43 490
549 29 596
692 16 399
774 1 166
679 37 413
425 34 963
91 41 794
516 43 271
831 8 146
743 27 78
72 32 431
139 49 229
702 37 545
335 9 351
752 7 348
892 28 18
782 39 607
573 2 443
298 21 737
775 16 530
988 28 260
114 34 747
678 20 55
904 29 736
710 30 64
60 7 427
63 10 577
182 30 435
519 1 840
847 0 337
143 26 574
948 32 562
207 29 270
823 48 478
472 4 639
661 19 408
559 34 867
506 31 967
822 25 463
59 5 100
404 48 295
8 39 906
991 11 355
845 0 262
574 31 251
425 2 936
998 6 29
600 32 399
613 45 229
955 19 148
754 48 272
633 2 511
480 48 808
424 5 441
34 30 317
881 13 69
21 22 793
667 17 428
773 7 302
460 8 473
971 44 245
121 2 139
233 39 31
838 45 27
389 3 765
634 44 233
790 40 195
175 7 542
750 17 789
478 29 459
490 0 555
352 48 905
180 21 171
623 13 176
790 24 647
142 15 874
977 21 59
217 46 920
686 25 723
228 45 1
426 36 383
673 35 267
67 48 632
210 21 191
532 15 177
500 37 651
540 36 119
792 4 812
546 5 624
309 14 951
591 37 749
147 48 488
766 22 560
130 49 63
636 46 177
74 16 325
212 14 425
136 5 471
840 34 542
642 35 262
558 38 968
518 3 437
229 28 592
215 24 454
19 18 553
361 8 579
914 2 718
129 1 168
745 4 977
635 1 723
57 12 878
415 47 102
895 9 83
911 9 406
19 45 471
953 47 155
245 8 165
650 39 304
24 43 279
170 26 615
4 46 365
844 22 173
604 14 265
170 32 782
137 22 713
592 35 153
877 47 360
987 41 293
141 49 267
661 6 274
255 24 961
983 49 971
372 6 726
885 12 571
537 11 287
347 7 267
687 6 804
5 36 832
220 1 645
79 12 479
731 44 810
759 44 57
907 39 36
535 38 903
223 21 236
304 20 338
559 25 434
851 34 776
735 14 202
265 44 72
799 47 636
596 14 708
548 46 478
326 9 909
576 48 159
464 20 376
297 3 551
488 41 868
586 38 222
633 8 309
533 42 861
311 39 758
413 22 753
642 32 366
507 0 914
35 7 871
875 10 151
116 10 383
688 42 601
798 12 288
883 45 212
21 20 903
105 27 256
679 34 745
301 27 958
598 33 434
935 41 542
488 2 650
182 16 198
683 6 738
40 28 524
475 30 372
936 0 562
173 35 221
996 0 401
148 33 598
818 26 144
302 45 827
117 30 948
271 17 380
440 35 966
854 36 907
204 5 569
277 44 278
862 43 391
926 3 28
261 30 182
36 47 401
975 2 789
709 30 608
213 38 593
598 39 911
463 34 726
954 45 845
438 2 553
828 3 672
642 37 921
757 0 433
660 17 320
440 7 8
850 4 536
807 27 788
509 12 392
909 30 556
688 16 382
330 15 732
305 29 771
512 6 931
622 42 978
720 40 730
399 1 826
715 28 282
338 24 181
512 17 686
422 15 651
327 49 313
435 22 534
827 15 148
72 38 297
408 38 349
342 14 394
772 11 813
902 22 762
277 48 786
381 17 856
213 23 807
555 7 445
330 9 364
820 44 226
68 5 953
951 10 832
570 36 59
316 2 345
496 28 498
988 42 600
792 9 901
162 40 964
839 29 904
529 47 475
103 7 391
248 26 532
639 48 522
846 34 913
244 38 301
738 3 860
449 0 693
443 31 104
479 27 375
467 4 791
746 26 945
153 9 750
901 19 368
892 42 845
189 26 748
472 14 329
774 45 633
567 45 733
986 25 208
273 16 598
447 12 145
301 48 320
422 39 242
28 38 644
744 11 82
120 26 718
2 1 953
211 33 97
801 27 649
518 11 83
371 0 315
343 21 746
45 40 845
975 29 492
248 49 462
711 5 630
20 7 781
173 15 785
664 41 875
311 29 125
541 25 780
860 44 630
399 20 964
940 27 787
283 48 158
833 28 153
386 30 731
896 27 124
229 0 340
302 10 562
889 48 678
740 44 261
541 30 305
468 37 314
811 24 133
340 48 71
117 23 127
774 19 170
565 5 667
348 24 576
866 21 857
859 34 816
703 48 718
708 11 802
237 12 290
366 45 680
16 17 316
228 23 28
890 49 572
738 43 774
567 16 782
300 5 998
588 18 876
503 12 764
980 45 38
78 6 228
309 34 476
864 48 4
201 23 196
300 6 717
238 12 357
924 29 732
164 47 578
879 8 254
159 36 651
639 41 489
336 9 104
134 26 411
845 14 619
147 6 346
898 43 927
445 26 544
371 8 124
263 26 528
997 10 165
409 45 567
12 43 890
15 4 51
654 46 898
58 28 199
259 5 755
623 16 481
799 29 222
778 29 590
915 47 735
9 48 917
543 0 242
481 26 615
696 15 566
186 22 45
953 13 453
855 0 757
486 33 43
408 14 756
741 32 483
984 46 843
841 19 935
186 29 198
823 11 522
527 23 541
912 35 165
215 38 892
550 1 447
990 38 540
596 47 387
696 41 999
184 30 227
129 33 933
958 7 0
459 21 883
540 12 813
308 47 429
387 47 810
240 33 784
456 6 442
144 5 113
560 27 765
713 27 135
612 39 404
36 40 230
195 18 78
667 32 341
528 25 119
992 37 776
903 10 920
157 14 456
239 42 373
642 8 961
445 20 404
521 29 14
928 45 601
538 2 689
382 10 176
36 10 142
287 41 826
588 30 71
962 9 871
353 24 147
148 38 998
983 1 887
331 32 48
620 43 869
46 1 350
677 16 973
351 41 203
233 17 618
725 12 187
428 20 10
762 20 849
451 30 946
105 47 960
329 9 454
710 25 219
270 42 953
457 7 762
108 18 524
206 0 590
191 8 967
36 33 185
237 4 842
765 10 291
58 12 784
362 37 393
422 31 325
354 7 82
185 9 548
360 28 443
902 2 912
233 43 333
883 34 567
779 31 215
648 46 181
623 27 308
465 29 888
653 46 159
957 40 450
385 4 495
881 49 352
455 18 690
659 6 673
479 43 107
551 3 733
148 32 890
162 16 458
89 42 54
765 25 648
685 28 130
791 33 431
19 49 681
775 35 697
321 6 767
149 9 653
236 20 448
959 1 347
593 14 466
462 18 648
772 40 764
274 20 588
905 4 433
362 46 697
878 10 211
479 32 444
455 43 840
313 25 895
763 16 961
512 25 456
19 3 711
333 10 994
683 36 954
839 47 943
169 30 143
172 42 182
965 47 263
633 44 245
809 17 406
18 23 80
191 5 840
142 46 697
551 30 137
655 18 234
629 22 869
178 29 471
753 5 383
58 31 376
834 24 867
885 35 953
959 44 741
56 35 235
148 7 601
294 14 469
692 2 806
16 9 147
194 10 632
162 9 647
699 2 566
235 40 713
592 3 348
861 28 523
374 24 729
983 25 1
62 22 428
515 31 663
402 45 789
94 42 409
158 10 929
298 25 966
797 28 938
475 0 230
655 48 611
199 11 425
417 37 422
799 33 992
661 43 450
127 22 999
713 24 499
481 15 492
60 46 286
677 2 503
581 0 189
841 0 750
297 44 399
69 14 486
995 29 329
762 8 734
676 4 320
936 42 326
28 9 73
875 4 382
61 37 536
882 31 371
48 3 602
761 5 853
200 37 867
137 31 30
404 16 642
457 13 770
849 35 159
830 36 162
426 46 659
21 12 776
96 18 279
693 23 344
473 18 564
431 36 407
977 11 53
898 4 967
735 1 876
209 23 508
548 24 920
952 30 467
959 22 107
678 11 916
11 28 102
472 41 379
143 44 783
382 44 420
86 45 632
48 27 273
369 13 943
127 38 280
369 0 123
608 37 30
472 41 854
607 7 291
191 42 190
915 15 981
952 41 995
249 3 647
941 7 919
194 15 170
56 36 408
574 22 669
420 31 658
957 37 408
712 48 594
510 31 228
621 45 962
811 40 723
842 13 521
640 3 567
335 46 897
943 21 274
486 28 884
204 33 441
885 48 497
989 23 725
980 16 190
210 1 663
312 33 228
168 5 845
707 8 354
630 17 131
987 28 313
416 41 131
644 45 629
722 32 91
218 22 443
210 23 645
681 17 164
901 4 299
842 48 667
406 1 444
983 28 584
696 35 94
880 36 872
748 2 26
137 7 99
116 11 381
50 14 476
170 28 360
514 39 897
246 44 8
855 48 151
344 44 174
991 45 593
369 41 625
139 7 803
954 14 193
419 6 125
63 15 917
665 43 88
560 43 920
455 5 707
574 37 284
396 0 186
725 4 839
301 17 580
424 30 628
658 23 637
91 7 39
270 7 981
646 34 170
673 4 41
384 17 189
783 13 110
560 11 576
145 28 872
806 41 29
735 33 852
14 44 105
41 15 675
744 38 500
731 31 165
785 30 80
684 6 621
480 39 539
862 25 624
431 41 170
289 31 812
566 13 618
302 23 600
653 14 713
949 15 943
689 6 655
896 3 540
13 13 581
508 46 658
94 30 717
476 17 543
841 39 101
537 47 223
926 10 733
918 34 728
233 17 151
536 31 792
997 24 282
796 39 624
866 7 226
654 6 294
31 48 778
534 25 206
674 3 492
244 46 888
224 44 552
83 44 574
690 47 942
242 36 994
733 27 38
239 7 720
806 9 281
421 2 135
241 12 434
379 44 579
450 17 568
273 31 938
397 15 218
315 48 901
335 40 504
221 36 616
528 6 587
498 41 179
493 31 121
305 1 953
823 16 750
569 39 760
430 25 645
764 29 359
377 12 592
100 35 491
52 22 533
975 45 813
114 20 623
913 48 932
226 33 830
662 11 970
806 12 834
767 23 899
101 28 343
248 9 198
699 2 220
431 40 682
432 2 383
875 23 679
101 31 904
209 29 633
936 27 380
485 44 532
839 8 796
240 39 294
701 48 668
229 36 13
252 24 180
76 7 217
750 27 623
114 45 596
637 38 690
897 42 181
255 23 899
752 22 18
410 48 672
314 25 319
412 36 114
173 19 939
902 42 511
581 46 786
742 21 956
431 36 973
18 32 529
599 23 584
221 41 857
63 12 990
310 29 734
714 0 541
599 0 674
199 7 640
86 21 5
302 6 658
154 0 974
911 11 215
571 41 260
766 30 905
719 26 779
291 35 144
665 46 195
976 43 827
743 40 190
174 34 768
695 2 26
620 23 666
146 27 423
543 31 198
164 0 924
855 34 189
773 29 595
72 42 843
718 31 415
588 33 115
770 34 266
210 14 614
826 6 67
127 45 694
531 32 522
862 42 462
758 27 588
436 28 768
681 32 628
790 5 306
411 3 641
498 32 637
426 36 422
768 25 997
888 10 654
915 9 218
973 19 923
463 6 441
491 20 757
263 0 356
676 30 560
480 29 910
614 33 521
679 49 681
941 9 691
655 17 326
362 12 589
831 10 193
539 20 523
532 21 71
620 10 785
959 32 266
915 13 968
428 13 339
166 15 411
753 21 176
888 37 961
862 24 192
998 9 688
586 11 279
409 46 23
56 24 769
474 26 540
15 38 308
444 2 881
239 45 2
23 17 508
226 4 493
935 10 356
184 13 235
328 25 954
767 32 64
886 39 85
362 12 39
285 23 633
918 47 872
589 20 144
262 0 554
42 0 755
214 6 167
757 3 186
489 10 644
850 4 748
598 48 428
25 29 746
101 42 67
651 2 541
190 24 393
693 34 466
44 8 422
573 16 495
631 40 380
491 6 861
748 22 109
96 41 199
544 35 592
818 30 572
776 25 863
684 35 949
569 21 642
287 46 623
370 7 146
569 41 484
106 16 616
720 20 215
393 48 224
67 43 352
800 18 307
702 0 674
667 37 487
631 17 188
316 1 69
343 11 117
560 31 629
610 18 700
375 32 504
869 43 234
491 45 702
170 33 364
343 48 899
602 49 370
696 1 687
708 48 130
704 41 324
712 6 580
588 33 827
30 12 61
468 15 628
341 0 858
740 49 31
254 18 809
450 20 597
546 15 940
37 30 701
27 36 907
762 47 853
86 6 930
469 19 441
731 24 305
892 16 77
309 25 745
49 14 467
466 35 205
240 20 311
780 38 433
582 46 567
504 19 73
480 46 597
43 5 146
288 39 538
813 28 286
634 25 596
726 33 258
44 39 596
298 23 536
454 43 803
263 47 744
374 16 311
597 10 230
857 18 720
851 7 167
59 20 571
463 6 732
474 15 582
252 40 363
862 1 632
628 36 444
8 29 131
383 25 533
932 45 556
692 31 55
488 17 181
194 26 238
6 38 410
413 25 26
201 35 50
145 21 972
652 0 82
544 26 91
370 12 675
409 35 700
714 5 420
934 49 336
814 17 965
393 16 856
870 32 432
88 9 119
404 35 405
725 15 432
178 16 147
901 30 547
909 5 406
338 17 891
218 40 789
757 37 689
260 25 521
492 15 596
246 45 82
428 25 440
103 14 285
67 42 447
366 25 775
628 48 993
563 34 786
957 45 697
842 29 284
652 35 945
484 25 470
6 49 559
826 33 806
102 3 419
341 26 501
234 15 960
931 21 522
650 43 309
477 4 57
224 2 273
885 41 301
256 32 703
859 2 368
428 32 94
467 20 720
854 20 389
190 5 52
957 9 681
453 37 441
917 49 830
542 17 621
256 45 558
632 4 518
203 1 400
595 8 847
406 31 892
481 24 230
242 41 485
910 47 474
180 41 912
478 6 508
34 41 381
714 30 146
737 48 872
307 20 876
711 37 445
601 23 644
342 42 869
933 32 699
546 22 270
12 0 65
924 10 810
494 29 900
685 34 849
230 36 497
156 15 407
833 18 231
67 17 665
270 38 375
182 39 534
74 31 206
299 10 562
621 3 724
648 10 277
912 27 263
633 19 435
667 44 499
682 19 578
874 18 869
805 49 924
414 24 681
575 11 938
671 0 613
87 31 910
600 13 668
20 44 912
258 14 530
897 34 164
668 13 273
987 35 855
807 22 200
788 21 777
998 22 520
423 19 180
807 45 104
757 5 238
686 33 204
491 43 24
413 45 382
953 35 680
971 15 707
29 29 550
18 9 13
145 16 658
563 35 830
911 31 639
56 30 69
652 11 722
334 49 873
520 13 408
749 14 485
729 30 109
638 28 381
75 11 931
292 49 704
492 24 614
884 30 927
891 19 74
660 11 32
22 17 29
509 46 226
603 48 560
299 28 606
448 33 180
482 20 829
877 42 612
675 46 623
604 35 853
3 20 92
612 40 414
242 33 598
577 6 757
681 36 513
801 32 28
452 28 575
294 36 942
111 37 996
948 48 848
395 32 913
473 49 384
225 15 218
671 45 910
269 11 435
620 25 356
189 36 120
999 0 249
945 23 275
700 29 208
585 33 930
698 44 441
610 21 171
679 48 134
814 6 873
639 1 917
193 47 913
762 22 773
869 47 995
318 32 11
196 27 337
318 43 186
490 28 499
433 19 425
76 10 762
852 0 616
819 34 55
868 38 697
672 20 734
87 11 65
371 48 346
121 29 575
23 2 706
640 12 4
497 25 22
606 34 546
898 25 927
955 33 337
935 15 856
807 43 776
741 17 112
12 45 441
515 15 849
206 35 233
362 5 512
192 4 118
143 17 993
921 26 633
868 48 949
279 42 998
48 0 906
960 0 755
354 33 952
689 47 197
615 36 597
591 44 458
15 0 534
297 49 587
369 25 916
817 30 259
188 42 710
947 39 16
809 1 990
28 18 313
695 41 47
531 40 537
752 28 183
168 39 440
448 3 24
990 18 230
778 14 776
122 45 422
645 43 802
386 9 782
294 37 731
980 43 222
556 40 474
28 42 560
698 26 267
230 20 366
396 39 765
467 38 789
151 4 438
141 37 913
973 3 96
331 48 545
429 35 658
302 26 929
320 15 61
395 1 139
562 31 599
714 3 806
621 9 902
347 8 688
515 43 99
536 24 727
303 32 852
853 45 690
350 15 351
233 20 762
256 45 201
110 38 752
26 3 686
948 33 365
691 49 575
459 42 502
281 31 552
321 18 339
482 13 220
539 2 487
460 42 945
811 14 174
246 19 773
522 4 637
123 2 204
302 44 893
938 16 827
166 7 173
61 10 786
383 27 219
667 20 595
146 37 419
82 44 185
360 18 374
707 43 190
914 7 708
603 15 784
809 34 737
862 46 224
121 29 355
957 13 501
348 16 717
313 45 813
553 27 755
571 24 648
925 5 985
393 9 338
866 1 956
724 38 832
777 14 568
81 21 352
391 11 171
895 34 232
815 39 606
883 6 129
417 25 758
531 41 261
942 44 997
169 29 768
543 23 523
372 3 958
32 10 940
50 33 159
148 21 436
530 42 374
512 41 353
66 32 429
384 4 725
220 40 625
446 49 14
513 24 348
15 33 879
409 28 760
498 37 69
993 26 440
180 43 563
82 19 522
427 31 147
156 48 758
559 49 895
532 21 7
451 36 815
252 17 332
601 39 937
415 43 182
755 27 476
851 38 298
651 2 47
923 2 725
316 10 239
206 19 994
238 22 641
73 30 588
612 41 215
598 27 962
954 18 417
476 27 817
735 42 604
185 30 721
150 44 954
923 10 230
897 29 285
890 8 252
650 37 69
926 42 617
126 28 368
606 42 391
409 1 975
355 42 102
593 22 796
357 10 689
937 28 493
523 3 165
780 4 327
374 10 278
325 38 184
581 12 662
812 26 593
729 33 196
729 39 74
526 42 34
252 25 260
939 18 271
748 37 48
588 3 327
848 33 71
556 48 686
682 27 319
4 30 371
928 40 789
333 29 409
726 6 606
362 14 555
44 48 303
669 26 149
570 45 550
324 42 778
111 6 590
504 43 8
763 44 114
640 4 663
777 32 884
889 22 680
571 10 854
100 37 653
460 30 361
398 22 574
670 11 926
737 14 496
9 30 893
767 11 370
604 5 887
77 49 717
666 5 202
809 31 360
606 19 77
286 16 184
370 44 48
831 29 873
551 8 109
902 21 64
815 44 433
786 37 612
806 18 147
253 2 221
170 15 289
880 12 29
433 34 55
40 11 372
57 32 770
12 16 951
310 49 556
392 45 311
49 23 753
504 18 856
930 32 7
158 49 336
895 48 995
98 38 924
785 6 676
767 40 317
113 15 498
57 43 735
543 11 377
669 26 335
124 42 291
448 32 486
337 23 355
141 4 71
883 36 941
597 32 312
91 3 568
315 3 384
273 30 271
502 45 363
701 47 384
357 46 314
174 23 776
267 34 879
654 22 797
230 43 299
783 18 914
367 6 893
690 32 801
243 35 91
249 20 258
863 15 301
32 39 19
821 14 25
210 33 60
691 6 142
447 4 199
704 21 427
726 13 125
454 48 524
313 33 364
760 17 313
280 6 428
719 48 319
612 25 432
279 1 717
898 0 952
860 23 771
406 6 448
556 34 809
777 46 134
143 20 964
52 25 805
300 26 754
740 29 235
971 24 585
492 41 24
415 49 404
789 23 880
347 41 41
566 10 249
701 26 581
177 5 761
94 8 78
124 49 387
969 7 383
726 18 980
603 13 498
945 23 402
61 15 612
461 6 302
913 8 129
90 49 28
772 29 392
436 25 528
416 2 426
616 23 581
818 28 73
948 1 949
662 29 392
147 16 711
336 21 339
840 21 183
983 37 938
960 23 892
852 41 521
384 25 679
788 35 723
309 0 149
548 34 893
715 22 935
111 6 471
881 8 907
274 3 601
893 29 424
779 2 880
394 2 259
644 22 112
300 0 727
355 31 112
322 21 681
461 0 897
276 19 482
391 31 197
570 5 527
571 29 878
369 15 183
580 47 395
440 16 742
498 27 612
807 13 461
77 16 908
990 3 44
144 30 851
350 19 442
270 35 103
851 23 749
682 39 215
297 1 899
692 4 854
363 0 983
980 11 810
50 47 660
647 40 248
312 8 358
712 36 452
667 29 417
219 9 308
526 32 3
974 41 654
774 34 491
87 48 836
880 8 887
621 8 413
700 48 65
259 46 260
728 33 991
12 38 441
186 46 139
323 46 882
956 23 408
774 20 250
49 46 866
975 26 193
785 20 811
875 24 632
241 38 710
552 39 397
151 45 981
249 45 251
215 10 96
651 24 552
806 10 424
778 41 695
641 5 456
188 37 304
597 21 789
736 32 837
640 21 747
866 21 131
991 42 875
573 21 217
687 15 829
408 23 683
376 39 656
90 42 893
425 43 670
165 35 52
993 47 362
836 43 100
909 7 554
947 37 134
424 8 261
746 31 129
390 44 742
435 17 779
836 37 665
245 18 764
141 0 830
213 4 779
922 23 979
612 25 605
525 20 326
669 32 102
714 41 692
283 10 506
9 5 775
573 23 655
392 9 979
136 45 533
435 39 181
223 47 152
593 11 125
834 31 930
209 19 520
513 1 315
976 15 807
121 46 163
31 40 541
946 23 162
328 44 477
166 13 449
152 44 797
386 22 173
893 33 713
548 12 365
343 17 884
400 0 853
674 10 790
201 15 90
430 23 189
980 37 253
930 1 445
263 3 433
105 11 152
498 16 822
984 15 955
657 46 827
309 20 436
793 43 442
364 47 285
387 18 749
23 22 277
471 32 713
762 13 811
813 11 731
296 48 285
352 15 142
833 48 771
468 36 422
413 21 603
469 22 668
36 48 615
414 7 907
104 7 362
464 0 899
667 33 817
756 3 537
951 34 480
357 5 943
237 12 14
380 9 846
127 6 649
201 19 944
928 25 886
430 21 732
826 34 956
83 48 469
838 35 484
574 5 484
19 19 695
733 40 819
333 21 658
834 13 902
377 16 9
213 17 52
363 11 447
796 39 944
318 45 936
901 46 963
211 31 934
607 36 692
595 27 268
781 10 97
152 40 550
877 23 235
294 40 825
760 30 332
32 46 689
571 47 308
331 40 30
29 18 592
777 31 735
407 37 41
868 38 625
416 15 781
842 44 814
641 33 45
733 44 185
560 5 645
497 35 428
911 42 411
653 17 915
414 43 169
451 10 964
698 38 443
247 24 407
988 23 584
341 30 630
283 6 961
289 43 210
480 25 640
688 1 422
226 15 644
971 19 180
400 30 861
680 27 777
539 34 468
211 11 203
238 23 853
236 7 839
556 4 2
842 13 407
888 19 460
885 24 426
469 2 382
386 25 52
83 14 337
496 29 821
60 26 374
695 26 318
650 47 134
82 20 277
817 43 55
338 0 106
974 35 924
147 29 384
610 39 321
588 16 17
743 12 918
602 16 376
186 26 376
395 11 782
146 37 400
245 31 273
293 45 822
292 39 232
169 29 626
874 16 604
888 6 35
216 41 106
793 44 979
134 32 264
618 20 315
978 47 195
443 43 362
708 35 472
78 31 325
393 20 244
303 6 54
395 27 589
338 14 507
442 0 118
125 8 875
724 38 523
922 38 244
35 38 849
545 7 11
678 35 882
584 2 973
410 48 892
794 45 807
690 41 715
561 20 67
943 49 524
411 33 943
716 40 553
253 22 887
193 30 539
587 22 972
151 14 767
874 38 536
148 4 996
589 4 515
119 32 901
941 48 302
783 14 682
519 5 850
273 31 448
260 2 580
83 45 713
402 38 553
392 9 786
560 8 444
365 12 319
871 39 122
692 23 328
764 36 378
954 29 513
820 46 772
163 49 126
88 39 657
978 3 288
464 7 950
277 44 759
366 27 28
161 42 271
626 3 177
526 35 389
898 7 200
421 33 140
612 45 922
898 29 969
990 10 380
86 26 951
446 2 613
67 22 78
354 37 241
101 21 951
152 37 521
720 32 702
569 46 389
82 22 165
240 31 804
306 42 281
492 3 73
362 37 49
619 45 996
441 48 404
58 33 387
416 18 999
223 46 51
314 42 543
928 2 871
339 43 258
113 15 602
98 15 213
978 17 986
843 29 900
401 21 461
344 28 4
820 21 525
343 49 186
70 42 924
779 14 352
746 43 584
849 5 861
713 10 736
400 1 314
932 34 753
998 1 795
661 19 390
748 39 66
526 11 482
162 11 394
296 25 206
218 48 472
937 29 824
865 39 667
145 49 658
768 19 50
945 37 719
848 22 191
707 1 73
543 43 184
908 7 432
812 3 455
765 32 280
559 39 660
317 28 956
999 39 912
81 47 531
198 29 540
243 19 605
358 28 447
650 22 754
894 10 823
879 48 786
532 7 129
21 13 268
358 37 49
287 12 576
240 36 147
105 16 980
206 4 941
884 5 783
152 40 435
223 46 257
41 40 926
442 32 141
731 25 284
787 2 654
718 42 478
258 27 208
790 23 969
624 10 119
723 7 767
834 21 964
548 6 657
464 27 217
810 45 45
650 5 346
34 38 395
531 15 442
220 7 989
86 2 948
822 39 600
214 45 536
659 19 514
944 26 784
120 17 557
477 8 516
988 0 890
58 26 237
886 30 776
499 2 179
789 39 340
209 7 947
865 16 564
925 45 424
381 17 677
928 6 454
264 14 84
885 4 244
179 15 703
817 15 661
276 3 13
920 26 955
487 0 907
495 22 254
91 41 330
741 21 264
115 14 264
382 31 689
529 49 219
818 7 110
304 48 72
608 41 405
620 24 174
101 32 209
596 30 880
581 46 621
210 21 5
431 22 258
163 21 185
154 10 891
455 45 706
911 39 421
521 32 333
322 0 232
265 36 653
195 19 994
368 6 435
842 0 329
467 34 185
189 9 637
357 44 246
759 22 220
99 20 984
113 1 952
110 14 508
519 43 227
831 14 13
460 11 383
200 9 321
665 15 75
856 4 483
977 17 691
765 40 20
677 5 890
900 3 287
582 44 742
380 42 652
568 25 658
832 43 407
337 23 728
601 26 837
514 16 933
431 46 981
267 39 169
314 18 903
601 49 259
232 38 614
527 38 31
360 31 132
610 31 900
734 42 667
976 4 406
414 20 85
684 48 800
650 24 798
195 29 270
315 32 872
847 39 786
377 19 218
222 12 397
361 37 847
921 45 464
426 5 56
410 5 23
375 23 166
540 34 483
26 2 1
87 21 72
896 6 70
367 36 833
24 29 136
16 3 818
570 31 407
859 17 194
218 30 110
833 27 90
617 0 334
649 6 237
76 40 29
909 2 729
100 21 958
492 46 480
286 6 330
143 18 702
939 32 372
502 12 952
926 25 158
865 46 216
704 4 78
496 14 607
72 12 152
717 30 607
56 8 785
536 34 560
503 45 343
766 46 9
344 26 604
466 37 851
761 27 510
611 0 184
460 31 267
366 10 656
296 45 908
300 18 147
951 21 1
924 31 339
901 10 448
826 18 239
125 36 473
12 41 73
53 45 516
789 35 627
742 5 842
522 14 260
646 9 35
596 38 726
644 7 732
556 4 686
90 0 884
130 42 927
873 5 729
161 43 135
911 2 738
323 23 731
210 17 962
655 31 908
22 13 28
179 11 650
472 37 900
151 0 631
581 44 850
93 3 737
588 25 429
480 14 637
328 27 857
407 7 469
399 2 740
312 43 814
849 10 753
912 1 682
94 7 525
416 37 328
288 21 203
976 20 124
406 6 372
74 41 509
24 3 444
627 38 94
875 33 150
543 12 367
575 24 22
622 19 576
488 38 279
531 1 260
526 28 558
891 49 381
250 28 681
470 20 473
568 5 756
142 14 154
130 41 254
539 20 911
857 6 423
369 31 438
231 13 659
450 40 922
216 19 925
825 48 56
960 14 76
147 45 140
813 23 259
561 29 235
356 18 460
949 15 110
650 36 393
984 45 776
684 13 490
784 9 726
845 14 466
257 32 410
693 19 38
989 7 96
496 18 109
993 33 471
647 34 200
297 42 538
475 36 913
763 16 952
665 42 793
435 2 935
258 37 378
94 17 645
100 0 101
189 19 474
825 29 479
911 32 879
494 39 272
719 44 328
779 21 118
260 35 453
783 39 71
601 28 69
692 35 611
291 39 565
616 25 223
807 32 783
552 15 249
35 44 490
36 40 185
297 0 453
471 29 538
595 22 447
787 22 338
659 49 577
658 20 148
866 37 192
888 37 396
637 8 972
614 8 737
361 15 908
395 5 920
214 48 914
596 42 490
686 17 242
451 3 459
849 30 789
78 40 518
1 33 305
619 45 416
957 36 806
958 0 411
80 17 868
70 47 835
404 30 923
883 27 877
630 48 781
861 47 153
115 25 656
102 42 940
646 41 930
544 30 426
354 40 953
227 20 968
973 41 910
39 12 360
917 39 965
935 39 718
37 42 260
467 19 430