485 9 453
191 29 273
896 39 884
164 12 398
518 2 543
188 4 643
234 5 13
235 10 357
395 33 58
882 39 753
628 30 606
610 28 866
257 34 587
736 29 569
887 18 872
87 7 720
564 3 132
222 12 175
854 23 396
566 46 506
676 44 950
936 10 758
562 14 878
755 32 481
889 33 738
92 20 909
252 23 601
162 38 299
313 21 126
411 26 1
825 32 288
751 24 138
375 13 619
638 40 192
803 36 778
935 18 136
939 15 192
328 41 2
746 27 389
764 30 160
281 4 452
844 5 613
941 19 509
610 27 368
879 27 525
716 41 379
446 28 404
957 8 589
615 20 88
241 30 11
364 39 228
450 32 546
558 7 324
13 42 261
373 22 222
142 32 991
406 14 245
174 5 333
404 8 60
956 15 994
666 15 566
461 17 181
934 39 982
656 33 180
156 36 516
76 35 293
302 5 383
189 8 764
689 14 90
513 6 393
108 40 810
791 34 337
285 46 28
626 6 646
229 28 287
620 27 570
166 18 653
709 25 662
150 5 81
869 13 44
313 49 219
26 10 660
727 12 551
80 14 475
671 6 500
39 28 613
196 43 378
736 24 103
207 49 256
801 33 870
571 12 887
329 23 964
588 33 428
603 13 239
462 2 402
992 6 696
815 17 792
381 18 343
272 44 15
352 0 204
440 25 42
323 38 598
744 42 556
935 40 675
713 17 400
491 31 598
789 43 828
474 8 9
215 44 885
42 6 614
785 45 148
560 1 492
845 26 554
760 23 968
839 11 973
28 27 34
674 27 142
161 27 923
221 36 510
76 41 162
629 43 95
257 32 523
173 40 183
206 18 403
265 40 981
120 20 821
850 9 131
183 22 547
219 27 135
669 45 728
996 32 538
570 25 852
311 33 257
532 16 925
738 23 578
94 32 307
882 18 150
570 15 930
418 32 620
865 20 971
243 15 497
389 21 501
265 30 151
919 4 156
692 35 33
282 8 991
43 27 326
689 23 206
477 44 686
31 40 189
733 29 421
553 6 594
936 5 530
99 0 828
771 28 866
904 23 489
285 44 844
381 13 889
554 36 921
94 41 645
547 29 982
740 14 513
315 47 229
463 16 19
408 2 917
220 21 386
943 2 962
433 8 774
509 18 613
288 35 823
664 31 202
29 4 212
738 17 513
440 9 979
791 22 710
903 14 438
558 24 195
181 1 216
67 2 916
212 24 570
838 40 524
674 44 507
215 5 189
652 16 623
369 1 439
117 32 480
571 28 722
670 25 731
807 39 197
34 25 254
773 29 549
95 25 709
131 13 226
234 32 599
188 11 216
328 3 348
389 0 303
413 33 485
757 1 449
791 33 641
686 19 348
689 2 807
985 9 19
768 34 585
282 21 345
801 44 234
209 7 139
611 45 609
636 6 694
317 45 709
246 31 956
769 25 755
774 16 403
865 43 455
590 38 576
78 46 875
335 18 4
26 33 342
213 26 28
436 15 648
117 41 200
435 22 736
982 49 753
32 3 866
934 25 7
904 1 441
421 26 859
839 47 528
578 0 377
911 3 898
230 12 523
245 1 852
867 37 101
966 39 147
542 0 335
763 49 318
761 6 734
457 42 941
476 17 891
506 12 325
34 44 287
465 1 415
297 27 76
573 29 729
19 7 564
891 48 595
971 8 978
9 45 218
101 47 567
793 21 583
257 3 184
237 18 708
446 42 919
770 21 908
494 14 801
833 49 599
413 40 306
578 29 771
897 13 267
206 36 963
388 21 426
65 28 507
153 42 232
86 31 976
737 39 128
140 11 910
945 19 566
388 9 989
658 31 523
129 3 687
728 31 265
515 31 389
821 44 305
775 7 749
762 11 485
186 7 644
854 13 581
466 41 603
417 12 128
882 39 771
370 31 49
160 1 143
27 23 293
100 34 411
73 2 292
33 25 386
692 45 743
815 37 859
530 0 589
486 12 369
713 9 365
918 30 290
987 3 555
649 13 399
605 42 515
987 25 111
523 39 593
664 14 639
374 22 70
247 44 55
385 5 287
626 5 94
763 21 310
118 2 474
696 25 995
464 3 647
251 22 719
245 25 792
139 19 613
134 29 806
934 12 776
47 38 482
998 9 496
977 3 286
952 1 612
132 34 788
26 47 858
271 11 73
569 3 381
756 5 450
3 15 921
348 11 240
975 1 678
28 42 12
670 11 654
203 38 996
624 49 592
35 8 878
526 31 343
590 11 908
500 42 483
390 30 257
435 3 358
206 1 443
759 23 110
44 32 767
618 22 399
122 26 871
405 2 577
992 37 129
197 49 179
230 19 962
25 36 201
193 20 863
348 15 370
406 43 702
851 43 391
59 42 481
199 21 203
418 43 944
816 37 527
26 31 71
626 12 195
671 40 818
164 15 774
302 13 835
374 38 986
38 48 75
60 26 636
239 39 81
493 46 445
715 23 291
132 21 601
881 11 221
468 31 420
177 3 756
805 41 526
664 32 512
869 29 629
391 45 982
264 38 746
63 5 775
63 45 937
554 45 613
238 33 776
448 46 212
353 40 640
980 8 293
305 43 141
700 17 998
377 26 76
653 45 435
869 22 638
304 28 782
988 14 14
442 33 811
823 32 924
459 38 451
803 21 441
335 25 60
810 46 379
324 37 488
680 15 1
762 37 64
981 32 975
442 22 757
828 2 739
615 9 344
571 37 335
375 46 906
166 35 180
176 9 565
794 12 714
895 29 515
367 47 824
889 39 610
992 37 846
384 43 612
167 20 404
892 18 269
781 43 746
256 30 499
717 41 972
490 12 868
975 24 715
479 35 932
892 41 315
272 10 484
699 25 354
834 36 81
360 10 830
398 20 900
999 0 413
566 15 285
498 17 974
792 30 855
575 31 193
95 44 666
191 42 94
942 10 362
581 18 172
214 26 620
951 38 198
991 17 445
945 30 267
803 1 491
189 2 560
746 11 601
837 29 439
920 7 776
900 0 308
306 17 479
189 35 321
130 42 456
220 36 441
958 49 725
272 25 283
51 9 899
229 15 316
236 14 385
189 32 353
557 13 902
530 18 305
613 10 658
483 8 393
688 18 253
512 2 925
319 3 451
914 47 204
776 29 282
326 42 739
811 21 379
14 35 91
985 35 312
190 38 70
466 42 901
770 41 354
803 35 845
200 31 877
279 8 981
332 21 575
790 2 690
753 13 212
391 12 133
283 29 113
857 23 817
415 41 228
512 25 572
935 41 679
51 25 771
566 24 834
736 2 817
964 32 560
26 23 71
786 13 533
389 49 747
296 12 41
704 33 118
909 22 624
16 29 841
18 44 614
672 36 608
424 20 458
632 0 498
920 49 708
887 41 576
842 31 8
337 32 414
566 22 151
546 10 809
808 42 348
820 3 207
306 37 975
114 2 975
313 8 47
602 27 931
866 0 204
635 31 445
382 17 768
843 27 254
19 38 833
357 20 961
839 32 482
415 46 313
40 30 310
980 13 331
968 11 878
806 28 80
968 39 624
152 14 471
806 29 193
838 45 189
391 24 347
284 14 302
435 41 752
654 16 335
123 15 592
208 36 823
242 13 596
549 42 539
896 38 96
464 21 916
277 25 582
277 24 346
885 2 381
947 16 341
61 10 276
117 7 620
52 41 193
350 19 698
550 17 10
484 29 958
778 41 755
486 8 618
193 4 809
354 45 483
755 1 854
31 17 15
576 49 578
233 6 650
173 44 381
62 26 45
35 12 833
930 28 167
591 39 271
290 20 807
0 37 28
584 40 362
543 30 850
322 38 52
831 13 389
651 17 171
489 21 713
622 24 915
984 46 871
793 19 114
206 36 943
611 48 778
218 9 20
809 35 904
717 4 467
819 37 862
799 23 503
290 43 172
470 11 65
339 39 38
567 35 574
760 39 241
277 16 247
743 19 127
877 36 940
960 30 120
415 15 442
860 6 315
386 1 828
579 24 616
577 32 110
47 31 30
753 10 543
914 37 907
569 7 481
144 20 513
724 37 703
980 12 308
696 12 988
33 16 691
10 24 667
608 0 721
743 15 167
892 48 501
622 33 674
374 4 745
644 23 149
477 5 962
310 9 278
533 32 177
161 26 577
644 36 609
66 5 395
44 43 340
763 22 533
563 47 4
741 13 183
802 18 286
917 33 361
929 32 875
228 28 369
577 42 731
59 0 366
756 12 498
759 6 54
985 42 461
463 37 69
466 18 125
225 39 11
943 24 501
98 18 326
680 47 444
476 32 913
644 17 470
501 11 735
454 19 523
624 37 649
367 49 547
942 22 298
349 13 483
483 17 211
578 15 152
18 34 357
284 17 776
344 20 583
804 42 259
194 47 97
148 37 229
846 11 528
473 5 956
873 35 707
567 38 916
913 22 784
783 28 819
787 30 526
700 8 534
594 23 890
412 43 522
388 33 861
611 0 836
126 35 631
446 24 555
135 39 358
943 14 973
926 23 915
199 33 242
234 36 798
318 32 432
372 0 738
74 11 853
137 13 893
435 14 477
111 42 386
6 12 52
650 25 592
515 44 455
748 12 359
865 21 695
561 21 176
798 7 563
848 3 74
50 3 77
174 46 279
556 36 738
853 45 167
659 29 510
583 27 659
74 35 200
974 21 387
966 32 507
803 36 282
54 6 937
170 5 988
626 3 22
361 23 29
292 9 91
364 48 80
626 20 37
163 11 781
966 42 79
789 45 471
396 19 234
917 16 361
906 29 302
876 4 787
317 6 411
404 20 452
417 7 333
473 33 281
532 15 90
87 17 116
864 30 749
461 19 498
282 8 319
660 4 779
555 8 321
872 6 108
34 38 103
665 1 722
530 31 156
937 38 345
723 37 771
37 46 797
514 28 263
112 34 698
70 19 306
606 37 733
864 43 51
378 32 24
697 38 486
628 37 787
305 20 639
533 24 992
152 8 70
549 27 417
421 5 93
750 34 361
114 12 912
281 19 692
882 20 737
480 38 634
364 21 453
492 42 463
652 45 971
788 5 475
784 11 0
146 13 646
106 2 737
190 24 367
977 9 76
783 9 660
758 6 713
402 32 209
187 10 990
407 38 880
169 2 730
805 49 875
715 1 416
638 34 889
701 2 140
659 48 29
487 46 405
207 35 12
228 40 656
100 48 668
112 17 152
440 49 724
460 31 23
427 41 935
566 31 305
221 40 539
159 8 65
133 5 393
457 32 293
51 36 602
827 23 574
916 29 601
388 24 709
971 23 559
597 46 115
978 12 720
512 48 450
363 23 143
972 40 444
717 47 305
214 17 110
612 20 81
616 21 347
253 43 541
804 44 361
986 4 562
505 5 981
132 45 638
795 47 998
242 8 56
26 33 582
54 37 519
218 10 874
464 21 981
413 47 116
12 39 890
27 8 557
655 16 531
26 41 105
719 23 322
156 5 319
497 41 572
149 8 647
877 14 944
767 35 123
984 44 197
783 46 268
332 41 837
797 35 897
551 26 630
574 13 768
727 16 662
64 19 94
561 39 735
527 43 623
721 13 122
637 22 520
37 36 534
126 46 866
806 16 920
874 24 909
250 45 579
675 12 70
795 11 824
643 17 134
780 41 372
53 39 325
742 10 461
527 7 204
827 37 303
898 23 379
782 8 913
42 39 847
842 8 899
161 27 162
74 19 457
729 3 392
576 37 771
139 16 916
270 41 518
293 10 536
260 31 158
50 40 554
873 9 384
979 25 283
999 17 352
234 7 848
883 18 959
75 18 707
875 19 948
27 5 627
681 33 173
149 17 858
359 13 656
671 15 121
977 32 146
625 6 21
329 33 778
438 45 98
519 40 343
870 11 312
943 24 628
855 10 47
819 40 774
796 44 534
701 45 894
921 20 910
826 43 365
563 24 264
203 33 378
630 40 256
21 37 724
386 42 811
891 8 493
311 19 821
477 48 206
655 4 259
40 29 715
264 30 666
458 24 508
623 34 840
525 49 346
901 34 174
439 4 42
741 21 409
233 45 506
341 37 898
607 35 800
265 18 385
524 35 661
835 23 105
158 12 658
962 14 657
199 35 55
179 41 174
226 17 173
488 15 187
601 12 134
850 38 649
908 38 47
911 25 550
340 45 509
603 30 339
338 9 681
215 48 918
174 11 470
801 23 784
415 45 920
422 5 704
476 9 245
773 14 98
988 12 678
840 34 139
205 24 83
828 38 161
934 27 233
682 49 236
770 3 163
131 35 207
636 36 505
488 31 736
852 21 923
186 1 520
492 32 575
874 27 906
149 7 324
283 11 676
76 13 651
797 4 213
801 20 766
807 19 895
231 28 46
98 1 162
213 32 949
303 9 391
419 24 997
844 35 988
410 33 652
473 29 544
96 36 944
821 31 470
63 14 789
639 0 737
56 16 160
221 35 527
415 10 986
967 22 173
376 24 53
647 38 223
399 10 412
723 10 331
703 17 799
293 8 30
744 23 809
212 46 714
505 23 397
716 8 679
515 25 628
924 2 175
5 9 438
503 22 965
126 42 630
562 5 113
202 28 36
291 30 915
252 2 620
813 39 308
16 21 371
208 12 41
329 11 668
354 10 597
348 29 527
877 8 324
657 30 853
821 17 23
678 28 337
15 36 878
620 44 739
983 4 813
253 21 230
851 11 910
726 14 896
520 23 331
484 23 727
145 46 104
471 22 270
276 12 891
489 3 243
646 11 410
143 42 663
783 49 775
422 34 572
77 24 920
685 46 29
986 49 484
457 35 722
237 48 757
956 18 516
799 28 68
898 33 845
522 25 0
875 8 789
953 24 511
35 5 639
106 31 474
806 38 847
68 35 240
432 48 110
170 11 256
743 22 763
976 42 193
178 3 467
140 24 220
635 17 521
21 36 524
669 32 525
359 43 654
175 48 272
51 49 811
575 26 165
251 40 988
50 48 400
173 14 856
334 31 606
174 14 23
915 20 710
15 25 712
330 37 981
81 20 628
493 49 984
986 37 675
659 37 513
61 17 652
592 22 400
97 9 166
969 36 472
138 20 892
464 13 787
291 21 831
488 22 312
48 40 451
280 42 621
52 25 548
698 30 103
324 48 441
375 23 361
724 49 356
586 41 683
897 16 991
768 6 629
173 43 655
31 46 215
10 1 559
269 0 62
945 23 63
354 30 508
262 1 584
256 3 842
497 10 417
740 48 556
689 42 910
834 16 856
96 25 773
183 36 909
763 34 176
902 28 965
685 41 51
435 9 200
749 33 664
394 13 820
559 21 284
404 20 480
402 42 1
769 27 645
3 45 826
747 16 150
208 42 497
183 48 509
984 26 308
932 26 194
311 2 809
950 31 526
67 33 590
609 10 154
93 42 788
249 38 990
851 48 131
453 21 425
934 20 659
773 24 378
540 28 388
417 26 831
881 33 123
150 40 34
755 44 834
870 17 716
577 49 320
595 6 421
985 36 811
99 34 751
645 40 380
629 12 410
167 41 773
44 45 650
979 27 893
452 47 348
617 38 596
537 16 956
713 17 924
652 35 256
19 2 991
677 48 628
161 21 843
115 30 941
123 39 141
375 5 294
113 32 728
932 0 446
547 0 498
921 31 964
672 5 215
7 23 558
805 22 133
281 34 725
436 40 625
480 47 353
791 25 2
759 20 559
183 22 58
141 10 980
684 7 737
75 0 651
388 2 260
105 21 904
666 8 319
923 48 390
915 26 823
978 48 892
58 49 567
171 33 467
464 8 128
136 13 546
361 29 347
748 35 858
175 25 715
197 8 639
214 13 965
539 40 796
127 47 811
276 22 921
456 41 788
908 43 321
348 6 555
552 29 426
725 0 527
356 48 442
47 11 70
400 35 31
976 14 261
809 28 4
49 16 934
883 22 489
381 24 546
943 42 773
313 45 284
336 26 540
40 20 70
800 41 622
669 40 551
470 28 267
910 10 545
687 42 738
537 7 885
659 8 765
58 20 940
712 38 583
593 29 318
304 3 954
389 29 391
178 22 721
327 18 271
694 3 556
213 42 374
626 4 755
274 34 498
938 26 601
520 2 699
787 41 145
363 5 593
856 15 718
292 21 740
673 40 154
916 38 470
518 23 782
239 9 839
960 14 402
427 29 421
886 29 661
170 19 994
572 46 0
585 37 808
46 1 143
462 14 546
522 34 180
478 26 512
148 32 606
739 24 29
574 46 829
358 28 666
586 27 770
680 15 796
757 35 760
165 12 587
51 15 652
659 16 199
115 25 266
125 29 658
142 17 13
936 24 238
727 48 589
319 40 62
391 11 857
40 26 918
766 29 711
521 46 745
653 6 735
598 36 712
186 24 167
836 3 515
417 22 680
355 6 320
358 46 218
558 7 473
462 22 109
701 25 657
425 17 50
723 20 67
984 27 761
546 40 251
911 22 65
283 44 239
474 12 300
157 24 72
451 37 877
193 20 559
127 38 450
244 9 912
135 44 409
821 10 751
654 36 998
263 34 880
66 24 594
416 44 675
453 10 369
456 49 425
72 33 322
73 20 663
998 36 950
872 40 82
105 46 693
417 35 285
876 32 648
591 21 117
421 7 990
599 40 689
398 18 469
425 7 460
515 6 788
435 49 464
698 9 495
771 23 341
620 15 614
500 3 355
658 5 80
461 46 884
936 20 147
346 42 973
817 29 61
815 2 905
374 16 829
550 23 402
615 44 116
73 47 586
470 13 581
176 27 43
369 14 888
765 21 946
805 45 255
420 42 661
9 37 756
640 15 412
467 40 782
373 18 531
308 11 959
73 45 135
363 2 805
171 28 292
554 24 175
758 20 55
156 46 723
298 25 735
51 44 591
237 35 278
128 16 575
11 41 534
747 7 75
627 39 702
750 41 631
36 8 218
367 12 315
986 13 900
836 23 226
706 18 811
8 12 42
211 46 269
378 9 282
187 48 611
465 39 591
638 49 449
749 20 473
527 19 392
132 0 767
187 22 726
243 44 182
210 28 847
578 4 811
85 39 704
199 29 578
15 19 273
73 12 665
115 20 317
941 47 631
724 48 509
986 13 264
247 7 532
128 23 57
103 28 551
350 17 992
566 6 308
120 49 573
887 24 780
662 47 959
870 30 398
991 23 890
464 17 873
919 42 15
116 20 551
229 24 417
278 25 919
915 15 940
95 34 893
781 23 651
467 20 199
83 39 549
244 27 617
759 17 974
622 10 577
579 18 278
320 13 347
873 0 199
828 33 969
809 43 982
784 39 861
282 27 473
828 43 49
716 29 206
76 13 993
116 20 709
302 44 98
522 5 981
685 41 536
656 40 992
403 0 278
132 44 629
726 49 31
20 13 428
721 42 903
560 11 796
285 22 383
418 2 857
167 30 781
772 10 981
680 22 440
509 11 996
240 14 151
886 1 305
777 4 451
109 16 651
56 31 563
531 15 971
749 5 378
816 8 601
143 16 840
466 39 935
78 16 833
925 37 368
607 29 94
345 46 361
403 1 292
781 22 461
79 12 382
655 33 106
442 7 516
764 13 141
700 11 198
599 46 814
384 23 336
115 46 659
612 21 646
999 33 850
173 23 437
195 6 35
63 11 787
235 48 179
495 23 114
928 5 187
978 2 306
76 42 432
682 28 535
986 19 993
801 18 269
700 21 626
118 17 141
729 49 507
361 38 449
711 17 150
19 17 299
882 46 816
47 35 286
920 0 397
465 35 513
519 41 828
48 1 480
580 12 50
783 33 790
754 23 548
274 10 744
980 2 407
4 38 715
483 38 926
550 0 547
618 29 428
712 23 978
426 40 399
189 36 676
745 5 796
6 48 660
661 24 335
861 7 963
152 25 454
59 33 151
493 32 300
328 8 22
526 43 947
741 22 581
59 45 660
395 7 919
394 27 38
900 24 392
650 15 718
130 13 631
658 46 951
540 6 933
781 5 725
525 5 544
291 30 255
276 22 992
316 5 974
882 44 483
29 22 211
109 0 371
279 14 663
888 17 392
842 22 872
825 25 899
321 20 267
2 14 170
560 31 91
750 23 232
944 30 110
796 47 586
723 15 818
105 21 815
567 46 592
597 44 315
740 13 558
747 46 334
180 18 34
689 33 565
954 20 147
236 47 99
623 48 605
687 46 353
586 28 269
3 11 695
661 19 797
716 27 137
391 36 135
512 48 89
158 18 629
931 13 487
43 35 252
25 17 107
168 25 13
126 3 283
447 46 907
608 11 12
627 21 243
989 18 264
543 40 935
906 32 557
562 43 699
730 45 197
985 35 134
31 48 702
525 4 607
400 3 374
870 35 245
980 38 924
686 11 32
486 6 209
946 31 937
702 28 595
506 1 801
124 24 245
467 18 723
486 33 101
713 15 789
250 46 388
249 11 928
779 4 676
734 19 257
351 44 190
770 39 690
135 10 377
823 22 613
617 49 19
907 29 72
70 4 336
851 46 96
299 7 939
86 49 861
806 31 839
624 39 755
751 9 480
69 38 419
919 10 497
599 8 724
931 47 889
461 43 248
496 5 917
400 7 694
513 44 983
51 19 983
565 19 308
474 34 638
38 11 233
96 48 889
379 39 670
218 15 822
362 39 477
900 36 741
639 27 540
110 31 922
435 6 744
965 46 615
396 34 756
624 33 149
498 16 358
291 31 655
189 19 830
726 34 720
800 48 497
276 37 726
695 24 326
952 30 713
85 41 363
717 23 384
31 20 758
187 32 26
785 16 412
15 43 329
382 24 536
317 16 874
400 39 663
665 8 389
800 41 661
84 14 76
815 16 447
385 31 34
662 46 981
781 36 837
230 48 504
657 9 954
301 10 191
691 32 979
175 21 560
18 22 726
331 16 840
427 13 198
865 39 315
793 19 238
426 12 993
804 24 962
947 42 694
205 26 636
743 18 750
956 43 422
565 6 249
659 14 86
647 49 607
729 43 491
600 45 936
237 21 691
758 22 998
13 8 683
469 23 548
931 14 287
888 48 369
224 15 67
793 22 643
542 48 413
411 38 902
579 35 895
128 46 428
978 5 458
544 13 19
228 8 13
161 48 518
248 22 673
963 16 432
566 47 686
445 25 578
189 1 712
369 0 835
178 23 588
200 48 202
689 14 732
583 31 896
964 48 815
767 26 297
190 42 518
113 1 918
791 12 511
345 23 379
385 35 535
577 6 507
406 22 150
547 39 941
458 21 125
522 5 955
284 6 144
739 1 131
770 17 176
200 28 806
0 37 502
473 16 916
984 17 901
320 43 3
198 46 706
980 24 420
638 41 849
402 23 956
82 1 62
293 7 441
117 1 618
258 12 654
701 7 860
334 36 738
454 34 785
44 5 682
283 2 723
140 27 811
182 46 94
656 40 55
528 3 210
555 1 54
758 42 367
139 22 392
226 15 620
437 26 651
491 16 61
327 23 747
506 29 65
191 47 305
163 46 785
730 48 790
552 11 581
337 9 85
215 10 45
203 46 719
60 37 673
801 18 841
40 23 179
10 42 448
874 23 594
9 2 695
536 26 822
203 8 334
679 49 804
546 40 646
764 42 402
27 30 659
943 41 799
548 22 19
159 29 996
656 6 915
443 40 183
85 44 699
710 44 851
961 11 372
90 9 335
821 33 804
84 24 33
986 13 548
71 34 446
461 46 718
799 14 95
327 9 795
988 26 704
182 26 137
542 16 153
825 44 268
373 16 984
309 15 724
232 35 89
803 0 605
258 13 681
705 23 773
754 29 25
719 47 701
870 49 920
968 13 464
725 36 196
77 14 148
849 0 5
728 19 516
689 35 971
548 8 557
811 21 81
593 2 847
56 1 469
41 27 310
516 13 138
506 47 276
451 44 999
151 14 951
224 28 906
600 27 550
567 9 684
773 14 667
156 38 250
432 35 689
899 13 737
58 17 199
58 21 919
590 26 20
197 29 220
655 45 672
418 20 529
200 7 195
179 41 843
527 15 27
617 24 668
31 22 673
823 35 166
990 41 145
93 13 4
34 36 787
775 4 888
592 0 300
728 0 928
79 13 255
238 31 912
204 22 821
272 38 417
975 22 999
459 43 117
42 12 419
637 15 519
163 37 267
755 29 452
671 39 822
599 0 789
385 7 295
279 1 950
811 9 744
296 27 138
265 32 658
478 36 580
81 11 980
118 17 85
497 1 451
37 38 23
41 17 330
90 18 804
211 46 539
770 33 324
368 38 344
775 24 155
349 4 994
913 30 901
994 3 568
233 16 753
735 11 12
952 29 65
390 3 265
971 40 782
289 32 772
519 46 960
498 34 733
92 32 50
692 22 441
519 46 358
272 34 802
745 4 398
255 29 81
881 4 41
823 1 624
299 13 795
137 13 547
348 43 882
743 30 846
789 22 359
18 9 388
812 14 378
893 40 956
981 5 526
212 41 807
778 26 343
261 22 334
118 8 774
115 19 637
910 20 657
937 37 862
155 29 793
424 25 70
842 44 987
571 15 280
589 23 644
362 33 730
115 27 706
247 37 682
166 31 596
478 16 173
89 43 490
371 17 840
999 22 806
437 9 759
215 38 311
317 24 938
159 35 919
970 24 343
420 41 371
236 9 500
237 9 473
584 49 926
515 29 994
452 43 830
229 43 318
714 8 142
760 44 916
906 11 588
237 5 453
564 6 193
275 42 274
280 0 863
706 16 124
527 16 406
485 37 317
578 18 442
209 21 909
387 18 15
631 12 315
950 3 676
443 12 837
863 7 797
366 37 382
413 8 552
642 28 994
720 42 220
689 13 36
540 8 996
267 9 866
404 5 152
387 47 155
758 7 119
937 47 497
194 6 209
847 28 773
403 16 170
761 37 605
366 18 32
385 38 243
913 8 243
520 32 653
954 11 277
439 9 615
459 39 107
258 18 494
147 21 339
80 34 551
19 14 589
978 31 192
288 31 286
948 32 629
503 2 637
515 28 728
608 6 66
171 44 822
786 5 770
349 24 15
508 0 121
828 23 945
593 25 187
404 44 46
649 44 808
232 8 30
13 32 31
158 45 132
703 33 839
198 0 700
738 40 711
946 19 839
382 17 689
388 27 50
271 42 29
25 33 870
607 43 498
715 9 705
132 38 294
735 4 35
950 31 630
17 25 512
687 38 993
917 42 752
407 40 456
647 31 603
169 6 951
918 1 764
506 18 948
530 3 343
268 19 586
383 4 338
617 5 765
819 29 304
917 18 902
341 36 497
108 33 425
408 7 619
235 14 943
329 13 431
235 11 87
315 41 955
997 27 268
201 46 116
909 27 616
445 48 27
510 33 91
593 46 130
127 10 575
122 38 839
458 10 908
538 19 949
731 17 976
637 17 819
710 43 411
987 18 344
356 8 467
450 46 95
162 26 276
437 23 698
330 33 184
834 28 407
277 41 671
974 13 485
334 45 21
193 5 325
474 0 246
683 20 825
457 35 176
775 48 553
687 11 541
988 0 870
181 46 591
490 34 36
368 34 918
638 1 495
527 29 286
28 24 80
78 1 554
231 1 296
658 33 489
809 28 419
811 46 783
967 28 542
417 39 760
838 19 405
646 3 40
45 31 700
888 49 434
976 34 192
698 1 923
782 10 195
859 5 778
312 20 977
203 43 580
464 14 140
747 23 365
29 2 854
771 21 379
18 13 613
208 20 962
335 8 302
497 35 982
417 20 879
712 27 779
967 2 945
400 0 211
993 45 48
437 18 23
786 1 338
483 13 667
164 43 489
409 1 567
565 29 62
868 24 127
855 39 299
154 31 432
101 39 309
108 26 108
123 0 779
27 22 138
263 43 568
377 36 833
987 3 128
811 15 558
231 16 130
826 10 838
174 18 255
339 25 831
405 41 962
994 46 998
809 7 405
842 6 805
426 3 757
360 31 245
770 21 297
842 18 29
223 15 742
447 3 478
284 36 896
103 8 775
908 40 503
814 8 439
486 40 737
128 2 940
317 5 171
232 28 9
214 11 920
527 18 340
999 19 718
793 16 229
364 28 459
656 0 108
649 26 790
194 22 411
999 29 898
739 44 260
704 45 334
163 24 243
874 44 674
915 2 291
57 13 178
558 25 364
563 26 175
275 42 841
544 8 17
719 31 602
71 34 565
436 40 979
745 28 416
962 45 901
353 9 645
92 1 205
773 22 807
711 19 386
669 10 0
122 22 412
865 14 548
380 11 873
975 15 593
126 43 70
666 49 144
950 36 248
326 34 716
611 0 198
748 10 698
154 36 506
264 43 473
336 37 570
934 1 790
542 29 801
534 41 207
336 16 204
89 10 13
54 45 520
112 44 213
871 48 832
657 26 563
793 20 802
620 12 322
173 45 86
929 2 818
538 5 3
192 3 550
546 33 1
781 16 710
853 31 534
760 29 571
143 20 506
579 28 373
393 23 212
861 22 641
572 18 575
215 43 817
569 29 262
702 28 50
846 15 796
919 30 625
354 16 446
315 0 216
729 8 895
784 40 980
559 20 426
284 29 530
406 32 950
307 37 964
777 6 832
481 21 473
785 27 975
637 27 42
862 2 636
235 5 999
978 45 813
648 22 314
335 9 1
730 31 230
559 41 97
469 17 66
217 31 88
445 48 256
713 33 116
809 9 927
14 18 288
288 23 507
188 30 86
160 30 255
796 34 80
868 30 732
724 12 615
779 30 517
811 20 540
736 3 463
888 4 807
131 21 377
135 49 321
325 11 329
17 45 420
581 25 977
746 21 498
430 42 986
481 24 786
45 36 790
719 41 725
686 39 184
748 4 118
840 20 929
534 15 238
228 9 260
520 7 630
187 1 381
155 22 653
981 21 766
276 2 496
657 41 770
776 10 310
255 35 116
283 21 86
913 2 18
72 35 69
208 8 887
957 4 624
234 47 672
219 48 404
69 17 94
590 44 127
344 17 934
231 19 207
754 36 324
359 7 255
712 32 228
775 40 93
273 36 571
347 29 346
793 13 673
389 31 82
395 9 881
952 27 563
662 26 688
811 39 460
717 25 80
387 11 530
19 38 79
498 25 902
655 2 397
157 10 345
648 0 798
316 45 480
932 37 788
36 2 16
934 44 976
792 3 64
762 39 23
599 18 782
23 7 169
588 17 556
694 25 864
623 33 696
406 1 310
503 25 38
274 23 702
310 19 803
571 18 961
893 45 570
966 38 260
587 5 989
179 19 264
670 41 283
329 30 391
503 8 488
532 46 781
667 49 790
916 29 132
480 5 513
993 39 447
276 45 57
419 13 336
694 33 860
850 34 464
93 29 517
30 45 846
323 14 951
314 9 431
318 18 409
614 42 902
46 12 299
636 31 637
119 14 157
258 44 553
565 6 257
204 46 87
970 32 982
717 33 157
492 7 13
91 8 481
787 25 783
858 47 712
368 27 477
512 15 592
291 7 384
301 43 712
947 37 323
148 35 739
115 28 854
762 47 887
910 19 799
661 22 203
522 0 769
25 45 562
254 39 198
301 23 614
215 38 959
136 37 492
350 2 538
359 9 614
23 22 817
658 14 5
459 7 94
984 35 981
270 11 217
237 41 386
740 37 480
791 47 31
121 43 392
983 4 253
10 10 131
318 15 215
774 26 385
237 24 519
970 16 77
431 42 540
461 10 805
421 48 704
87 25 650
607 43 218
31 13 954
332 48 56
926 41 384
940 15 544
100 31 681
518 47 662
805 34 920
529 17 415
81 32 71
572 6 8
126 41 620
348 12 722
909 14 499
930 46 787
587 35 166
147 40 733
878 40 248
220 10 286
609 14 739
743 32 696
779 43 515
180 27 810
250 15 935
923 27 49
970 9 203
210 24 862
944 9 347
691 2 323
386 27 428
258 42 407
616 43 45
365 29 875
781 38 619
304 14 819
917 27 938
494 38 584
319 13 351
974 37 248
503 49 884
320 1 438
198 22 837
740 6 493
74 34 887
394 43 375
169 9 705
754 14 894
936 11 773
108 38 313
209 33 332
247 3 585
191 22 257
484 24 856
616 25 988
963 36 762
914 28 889
648 32 826
156 7 956
335 9 209
201 12 154
184 47 578
656 21 679
475 30 951
420 2 779
688 42 408
631 22 319
169 2 669
846 4 380
503 24 807
95 23 845
876 13 236
612 15 709
275 29 419
350 3 807
724 33 936
968 43 977
612 9 964
753 21 480
536 26 842
581 49 652
767 13 756
86 17 385
43 16 854
377 41 201
176 13 998
463 46 900
124 35 162
617 19 426
468 37 182
230 20 406
223 17 912
692 21 995
416 23 114
564 19 916
46 48 787
856 29 887
87 40 590
703 29 772
679 24 163
829 14 523
761 12 972
919 22 43
629 6 580
907 5 487
879 21 380
706 27 66
748 44 832
123 5 172
359 46 144
952 48 635
79 12 470
687 26 783
956 32 300
949 39 814
563 44 832
381 36 745
11 30 52
207 47 636
177 19 772
158 16 839
958 12 151
997 45 50
117 12 346
230 14 555
633 37 725
902 34 930
265 20 826
110 13 28
421 21 849
875 5 543
766 11 361
506 30 414
511 26 924
586 24 587
877 48 313
229 31 550
329 48 788
135 39 190
487 42 36
72 16 508
767 43 266
122 19 749
728 27 997
505 12 57
951 22 132
174 43 838
706 39 423
274 49 439
726 13 546
148 38 96
257 41 560
385 2 357
657 35 602
663 36 486
198 22 850
465 27 189
387 44 562
651 30 805
101 39 302
800 9 424
565 32 525
335 9 563
335 8 997
979 20 759
58 3 370
267 2 125
149 34 746
871 0 189
250 43 318
821 22 919
355 30 614
689 22 128
310 44 493
529 30 885
839 0 771
133 38 267
804 2 883
496 33 920
579 39 96
208 21 626
922 35 180
554 8 937
933 20 677
181 8 975
630 4 259
748 6 848
386 25 739
102 24 688
736 19 837
945 18 901
200 23 321
192 13 265
536 24 881
461 20 754
482 11 922
95 32 42
962 19 17
169 48 832
736 25 55
586 42 66
911 2 191
420 4 127
840 39 86
361 8 164
446 44 373
115 36 214
668 46 130
924 27 813
114 15 47
904 21 857
406 0 868
41 19 563
163 39 584
566 39 747
662 26 818
626 26 472
111 3 402
503 28 760
136 42 611
736 6 766
910 17 961
878 1 729
539 37 983
559 32 496
291 10 625
414 2 135
228 16 44
350 31 537
931 35 462
666 14 586
944 29 4
37 1 98
353 7 516
659 30 698
416 49 42
231 36 408
468 14 750
832 38 904
173 28 773
558 31 431
312 12 131
622 34 896
567 37 936
997 35 432
934 2 991
432 1 773
729 23 107
642 17 546
412 27 769
544 8 580
662 7 547
832 20 256
416 39 533
855 8 386
400 32 52
344 34 649
441 42 424
743 0 206
160 28 430
252 26 13
768 49 92
868 49 863
580 42 468
575 34 455
878 48 587
6 38 750
810 10 457
850 38 401
450 12 117
468 6 994
741 35 875
912 6 630
220 22 355
777 28 110
801 43 162
525 44 200
408 24 201
365 38 189
483 6 289
895 5 600
476 14 940
967 35 517
409 32 462
999 33 300
939 47 450
683 3 416
737 7 307
90 9 481
135 27 157
175 1 66
757 25 398
549 32 946
545 40 251
90 29 531
66 16 83
539 6 123
973 13 676
913 14 995
391 39 11
997 16 514
135 12 34
554 12 545
179 38 469
17 15 632
735 42 806
422 30 9
463 26 478
908 33 959
714 24 154
999 17 496
305 21 56
530 42 766
591 17 952
901 43 282
638 27 455
911 17 81
306 43 672
843 7 485
981 4 91
611 0 716
30 15 268
317 39 114
506 42 851
12 42 106
180 23 233
302 1 563
638 4 180
742 4 908
319 26 369
69 41 156
373 33 863
550 49 882
387 38 809
143 14 735
447 15 696
43 40 225
388 49 597
62 26 905
173 47 273
465 6 680
525 7 550
235 0 163
370 4 800
960 31 892
242 6 734
437 20 3
511 37 241
511 12 624
250 39 157
528 38 224
822 3 786
888 43 958
522 6 367
490 18 815
312 8 722
729 38 925
499 36 784
619 11 913
311 24 816
300 32 581
610 5 991
297 48 356
138 3 351
565 3 855
348 8 492
854 30 554
720 0 442
856 33 9
561 8 164
40 23 207
831 31 901
841 32 744
121 25 152
337 16 821
109 18 78
838 20 11
657 43 620
768 28 286
376 45 902
837 45 294
85 14 630
786 31 496
567 10 66
575 1 604
440 44 809
178 3 524
794 26 86
428 41 505
958 49 727
689 9 809
145 46 426
297 9 387
437 44 388
709 6 344
746 17 714
634 26 646
690 13 910
612 20 208
22 45 26
954 44 114
231 42 403
537 7 772
240 18 546
904 45 185
909 32 286
675 42 625
299 24 214
402 23 963
977 27 310
896 47 828
995 3 392
330 46 226
383 0 324
711 40 802
754 6 495
223 11 848
439 38 928
647 2 511
927 13 418
251 48 745
836 36 897
846 49 306
586 19 17
802 1 497
723 36 277
138 23 593
270 26 166
408 44 732
727 18 95
40 19 9
939 40 359
398 28 316
837 39 813
380 26 434
746 40 940
263 45 945
649 16 455
347 4 160
220 22 412
855 27 941
498 9 84
242 21 888
547 36 13
486 17 506
345 25 267
518 8 845
805 41 599
757 44 111
391 48 861
258 9 338
333 40 565
344 38 379
260 10 759
608 2 109
2 9 44
346 11 459
685 38 598
21 3 665
256 43 166
297 24 675
959 31 884
509 19 7
951 2 153
946 1 61
29 39 719
204 25 48
831 45 626
937 42 908
886 29 265
185 42 639
960 40 640
984 46 924
699 22 367
304 9 191
104 22 148
230 17 511
346 8 548
389 27 665
114 22 282
439 45 293
10 13 931
333 17 509
474 17 506
247 17 270
62 25 516
666 21 8
329 17 929
91 9 381
630 24 349
580 25 913
691 24 328
718 20 287
570 6 329
449 16 903
227 45 318
158 21 613
131 2 729
35 10 69
3 37 606
310 36 634
281 11 620
596 20 558
726 21 14
184 40 862
92 37 319
777 24 305
14 30 95
534 33 300
494 47 782
264 8 992
797 32 379
712 40 104
520 18 259
388 5 898
239 19 884
208 42 714
967 41 923
6 45 603
937 2 734
794 24 349
243 25 827
621 23 828
169 16 579
178 36 807
33 12 490
185 29 411
770 35 846
994 17 172
744 18 334
68 26 812
262 46 381
818 22 491
796 29 765
31 21 477
482 12 732
300 28 876
676 49 746
462 2 993
399 22 459
242 42 692
212 16 381
729 26 495
778 1 529
64 39 807
893 11 396
903 19 137
252 31 709
372 48 194
554 23 933
752 23 599
881 1 367
559 33 939
37 15 54
248 37 291
455 4 331
573 10 186
269 45 648
362 17 511
874 40 766
955 22 256
545 32 127
220 38 913
453 18 39
599 4 426
741 47 601
750 22 975
138 35 512
65 23 272
613 12 992
122 45 171
684 26 925
329 32 858
733 15 967
385 2 97
603 23 18
408 1 183
803 36 697
465 2 117
760 41 946
587 27 618
577 21 352
308 45 13
653 38 821
270 29 394
957 23 598
619 46 251
430 33 327
29 15 832
511 4 834
861 45 494
700 13 292
794 21 989
302 40 557
699 6 17
774 20 716
893 41 490
934 7 630
526 3 805
532 18 137
338 35 28
444 35 184
967 45 202
280 36 446
795 22 249
913 38 780
148 12 485
294 12 18
322 5 330
543 14 928
763 2 132
828 0 762
74 10 255
741 19 357
955 34 463
664 46 250
396 17 496
581 35 284
545 11 653
768 26 875
121 17 221
619 19 28
486 21 429
216 20 279
181 32 592
918 42 50
554 42 920
489 12 543
230 24 760
158 5 866
122 19 256
226 23 751
751 40 263
515 11 347
911 11 833
907 44 661
100 33 331
501 6 699
392 11 620
984 34 957
76 39 542
224 23 249
808 15 227
550 43 548
591 28 202
141 47 511
304 11 387
882 7 403
900 23 815
637 22 428
724 40 836
565 13 715
290 3 114
418 26 26
352 35 60
602 22 624
127 30 574
387 36 500
561 15 897
950 41 150
172 35 290
231 24 790
711 21 156
763 7 826
359 33 22
719 4 493
569 41 256
945 33 690
880 15 805
40 19 876
761 27 261
66 4 949
597 10 930
330 26 317
893 42 432
880 35 107
32 19 672
658 26 530
409 49 749
564 40 284
860 6 307
526 44 165
170 45 890
600 21 832
324 47 263
867 19 590
225 46 197
145 35 419
58 37 573
729 32 651
538 31 26
247 39 285
281 7 486
234 15 41
812 22 922