33792	2383
2954	37609
18043	33656
26477	2531
22662	4811
1687	25258
8840	34316
11139	15350
32063	33277
8135	24072
17500	7353
25930	6464
15570	33885
2058	10504
31368	37055
18681	16780
37008	35827
17388	14234
30865	36840
33151	3266
3546	29379
21635	2190
32030	36622
3511	38726
37438	13441
36561	24508
14410	24387
9408	13040
25775	37174
18340	3938
33046	15123
14126	17812
20880	36933
9750	20244
34527	35707
29500	11862
30557	31740
886	25077
28342	36839
1367	35976
1205	1543
24055	1948
21927	34903
10032	28699
9423	36212
29004	1476
11485	38711
21348	6176
31146	7769
8877	27264
8095	30090
14351	37267
22196	5110
11005	31169
23250	14235
2751	15287
13534	8074
28393	29408
3294	21420
34093	15313
10544	18015
34220	19518
15704	13809
17687	36980
8871	37653
21835	29958
32621	11788
28193	21520
37810	6343
24207	28329
2935	13624
8924	36743
18023	32477
19372	25915
17463	27786
4571	12124
23031	19259
25088	27323
29692	22360
16520	210
7668	14844
26891	23075
20405	38076
27054	30766
30222	38911
2942	34959
37202	26349
35015	31165
11563	15226
30635	22461
34982	16853
16130	37347
34459	15360
679	17386
35729	32826
3478	38111
17737	32459
3630	13460
7167	19247
10462	29949
15196	30636
7923	5922
4438	7501
38131	16609
464	23581
36976	23930
35530	35362
25651	36565
11075	9369
4018	11112
8635	10948
26056	5864
20056	12555
17902	13585
20749	21131
19640	33560
14497	3020
13913	26665
16716	15046
13961	25003
37156	987
12363	33820
34635	37794
38576	25738
24113	30746
12065	24449
9958	9793
17931	9474
1520	21371
29941	11049
23747	20062
3572	26202
1829	32563
17692	38346
16256	7320
13151	2795
12834	36568
30761	25215
234	22485
26033	27577
929	31412
15478	35133
26284	13851
7637	25320
20188	16754
13361	15930
28281	26568
38119	30733
14390	35612
21419	36022
33511	38938
32326	462
7403	13852
14489	33357
25310	934
10130	5779
36874	13701
17815	11836
14070	18506
35902	16394
36825	25948
38916	20190
38488	37261
1606	18512
7619	11144
33626	4126
14357	30586
31278	36812
26961	18914
13776	8076
2888	49
21795	12828
463	34331
32860	35287
29361	9790
2539	15720
20307	25965
34842	34955
23094	7506
175	30773
70	26388
7060	22916
8799	4513
18672	13622
28835	3592
25194	4914
21995	16551
2313	21221
15043	28271
30663	11522
31476	5129
4589	18645
756	33114
20336	30233
7818	30830
233	15811
5134	15168
37578	17517
10192	31102
3558	23503
8717	14246
38643	746
8592	30964
31734	5649
35826	24768
7171	27814
9888	23102
23742	6875
19390	22524
6167	4820
26944	34904
27411	3275
37034	35613
6521	9033
37146	18660
11009	10045
13404	2820
504	36563
13287	523
6804	36009
35407	4619
28273	35943
12506	7304
36218	20915
2840	21551
30558	4903
16751	8540
29868	28548
14207	32303
18807	18473
23172	347
6927	26249
15459	25417
11104	36454
31602	22983
17077	22835
9610	37902
22421	17026
25299	27961
3451	21663
38527	25016
37950	8905
5151	8790
1616	22446
5882	23418
10493	13399
2487	32609
8247	12220
22846	28374
6734	11858
19561	34090
14250	3886
1210	37973
27978	6597
13548	12837
11327	3529
25894	6154
28667	12857
36957	69
26566	21212
7855	7033
1022	24870
27035	34370
9548	34386
4301	32693
27201	30228
11588	2779
27720	24368
10156	24079
15546	14417
16334	34912
1990	5231
608	8596
33941	37521
17130	21004
30809	34946
13005	13725
18721	9774
5631	8631
28370	16092
11105	31793
1203	6941
33791	30141
30895	10554
6971	18455
20958	27446
1625	5367
20209	37697
1794	19041
7389	9281
33924	4359
25683	11438
3484	4815
31255	21171
36489	27657
36519	606
29878	26201
9491	29947
10915	29971
18956	12012
3773	3642
17334	6923
12758	15170
37247	7934
2055	15307
25155	28054
25057	37919
30172	26378
2616	16008
31988	28647
2777	21
35860	21681
9954	5333
29541	3153
5733	30581
20892	21610
2218	30749
29702	15255
4373	19457
29789	7931
13832	3712
6791	34837
24799	8752
354	21287
29750	18422
5363	26980
0	23782
35796	1675
37176	12600
23185	29532
22036	8649
28531	10150
27414	31754
3923	19234
13940	19996
5290	21366
24482	38905
20984	37167
32081	33784
18845	30848
35484	30424
89	1950
15798	9649
10827	32858
37238	15981
15414	31360
14995	37554
30739	24785
20868	2413
23238	22210
7308	1470
14211	13413
20803	9068
15035	29224
2565	23454
37585	38414
18753	12428
21757	3828
4210	34109
23539	37217
1050	29611
37781	15959
37500	29266
28816	15093
3848	20357
36756	33198
30320	25605
2549	17233
5133	26648
6445	6832
21083	18566
25304	19625
34445	35434
1683	13784
35972	8019
26261	1451
9147	17550
26341	34799
4423	27387
37651	32194
30126	18389
28772	15409
22189	34760
17759	27520
22544	17299
23746	27809
32839	37482
7416	38559
14787	31081
11354	22907
36041	20760
23636	7819
14785	3430
29654	24320
6139	8999
275	29160
35685	4775
26967	32029
11903	10820
34013	17603
29024	17984
30831	9011
27959	35196
15400	22676
34072	21728
23323	20788
3842	29322
2319	24080
3792	2943
15214	33507
2222	22445
1386	2022
22493	38229
37932	22789
19773	18221
12382	31993
29889	238
38029	10811
28990	23341
38815	7519
22948	24922
32879	20790
10393	29554
27844	16365
15532	14177
26128	32780
36402	22352
35306	16491
28047	23472
12116	20196
5105	35174
31012	23831
35053	19883
10659	17389
28285	260
36484	5626
132	11983
24567	37756
4363	32151
11204	38261
1816	2113
20038	452
36050	3057
37069	18577
28244	21169
16628	3513
21493	34880
922	27941
9217	35904
31185	211
14653	31731
11534	33943
26968	879
13273	23676
38520	13245
29740	23298
6422	2475
36027	11789
28806	33840
21362	16069
20633	24847
3538	36093
15113	38024
4674	8006
30082	37910
21633	25846
27375	27616
33394	36278
30355	13982
22404	10048
25115	23668
12598	23488
7101	9300
20708	16084
25442	10318
34105	15321
4079	22336
36340	20399
16049	21718
31703	12591
33767	34802
14665	5825
9791	31658
20605	12604
1650	26270
36131	19605
13305	16673
9658	27638
12106	5732
25467	4134
37926	14599
9821	29718
14563	11402
12219	3412
34424	10090
11977	16567
33184	14856
23621	38720
34104	3022
8645	10449
