215	38380
53878	73144
33081	33795
11336	28602
14466	31598
26638	27484
19881	33540
35226	10835
8039	35750
7240	36946
19123	22997
17233	301
35641	20239
70729	75873
19683	23999
37654	10041
11683	1697
195998	45195
5810	32655
80683	110791
126509	96546
11055	38652
5087	10843
21560	6347
39246	23640
8661	8155
3211	31757
21346	7982
116144	83241
28988	35778
15738	26379
18217	3090
18669	23487
32920	6915
33932	32878
6259	20328
37818	16313
10629	15350
28056	11896
38556	16400
867	7007
13203	292
19301	35085
9101	31983
20760	33480
34121	30400
15681	5860
19070	4960
13776	3564
16422	20245
7068	26109
34995	30555
162	6958
6122	39328
15750	6862
38935	8731
4837	3766
11362	22826
424	31822
15876	38358
16312	17615
24233	18835
33131	11388
62214	113253
13366	34810
15210	17753
8249	11736
14345	37184
2711	4448
23092	6955
21250	17645
31845	10790
28488	7859
5899	2390
25526	5579
29897	31670
2248	8268
16712	36163
18426	18871
39282	18978
4785	2924
4749	26508
7547	16927
26143	26299
32862	3494
36014	7094
67332	117936
22561	22114
3967	13942
16510	29980
2289	1629
36594	15136
2666	23414
172221	119326
6979	22579
25151	8940
6215	3920
34893	22387
136743	195465
20873	6663
25424	6978
3649	19769
30707	38831
3959	1650
33217	11966
26410	38819
39634	25413
56758	64038
8310	25477
156349	64686
13531	7492
2010	9989
10390	29696
21628	38241
17117	24938
19239	11520
29793	13505
129208	85860
7446	19355
34686	1106
9089	5575
14333	27121
2200	25183
6855	10624
67580	49749
2027	22878
9708	22567
14715	42053
66680	195585
175211	96385
4562	35963
24248	9633
36234	15439
4084	31738
17625	28121
16289	10112
25750	12066
17402	1006
106616	48844
5651	11919
19306	37448
189564	70658
17879	10711
33940	11631
2174	30885
36394	3638
34264	15404
27496	24154
18695	26713
10305	25261
21389	9576
31475	25829
31441	28051
36700	33779
10000	22693
17420	11477
148633	52193
113421	171246
29220	21312
32238	23227
20090	21291
3460	2067
14341	9161
26179	33642
100838	159039
167250	122845
4796	9535
31881	31067
3232	16316
6451	10008
22668	9595
9288	1151
10861	1387
22464	18328
6613	30315
8335	33331
36727	31433
32929	6784
39187	19969
390	24025
34816	34283
14544	2565
5114	7378
8187	15087
25806	30404
19522	8527
93800	146241
567	31656
22781	6483
22157	24668
738	22596
32213	32978
31634	18493
23890	38050
38475	23016
30850	26651
12721	139
38956	4248
30369	22927
2485	4107
9250	26019
19708	38733
31419	3395
20374	36864
18841	2400
5642	39294
27626	37840
38393	10779
34272	8913
25340	31777
31369	26690
38639	34783
11199	24543
151560	97484
39304	2581
35172	35754
79825	100593
11121	13140
18122	31625
7476	31326
21869	14609
68983	112046
39278	25330
37494	34551
35094	28893
28611	34249
19210	35083
32163	38615
17947	12390
589	25258
28948	5656
3653	237
1490	7058
31368	15856
13175	34991
13344	36093
36979	8176
17051	18632
25329	18692
1830	826
11152	6032
25035	6811
4706	8027
21795	9789
17290	23334
17350	5876
153536	107159
33503	701
15019	28919
18680	25068
35850	38405
50950	70311
18065	26615
18825	5438
131239	121432
21116	15902
1947	21386
28957	3386
20571	30359
20283	33846
89897	155415
21804	33784
24283	5239
145849	178842
15029	30923
30160	17015
36150	4123
146183	79168
11792	35245
31823	39012
39033	11875
17403	34856
22298	38907
15766	22697
10506	11113
20238	17865
18024	3160
17788	9439
167781	147396
28300	36054
35742	17952
4591	35249
772	24160
12515	32045
37374	14222
14207	31902
8803	10056
27927	30075
21196	16109
2388	6607
23042	31318
9530	13566
18090	17882
9577	16252
4723	35944
14246	7248
27746	36421
10578	3360
14674	22769
35219	31465
20161	14855
25891	4148
38374	6837
19871	12819
16417	17670
25543	14023
31561	9879
74638	120078
5403	12649
35822	26152
26404	37593
28923	28341
17970	26183
20042	30843
4716	14836
20274	26674
7340	26282
24260	28751
14982	12110
16370	27524
5452	30589
27999	6358
16052	27861
26645	25753
31554	12697
11029	39531
13187	36247
26641	19385
131989	105546
6355	14165
5000	33079
16635	31726
82955	164802
21072	12146
31411	36856
7488	38990
1841	18887
593	21816
38617	3970
1278	16266
30690	37730
35587	36052
3668	29305
9091	38616
102806	150348
8486	6057
24513	4989
27336	21492
37011	9136
34273	25440
25063	26082
37453	12077
37733	7939
17787	1726
7622	22943
33221	25027
25439	13277
29341	18748
19151	1736
13080	3430
1515	21789
38511	17678
22975	33603
5139	33502
83476	107196
19191	14380
27542	18275
59857	51107
1563	20800
17310	19059
11142	8001
31935	11996
26478	8071
92984	104819
27695	15372
32417	35808
79603	43276
1594	30196
34234	23996
32256	37297
20831	28638
20619	25112
25542	2518
7237	38692
13747	36560
38161	18961
8421	39543
35404	17706
2959	10019
4225	22051
372	3214
17711	18993
20210	21502
37830	17796
2018	20036
59	38720
37152	3826
4578	17079
12204	33667
30325	12874
755	5431
104035	148010
33139	38017
11799	37419
24012	18943
36069	22814
63779	151532
39093	21523
34389	23614
10273	15661
11171	18370
2769	21154
30028	2024
38969	20023
36111	5804
6072	18070
125176	174556
6861	34616
38437	22898
35267	16038
37640	5490
37456	22671
76164	149754
1343	33987
27077	18332
22340	32812
25992	16053
8168	2182
169293	69109
6116	34503
34161	35786
18315	6665
4293	37475
5351	29699
80986	72039
116139	72826
8225	1107
870	37078
10872	25099
38709	20337
97	30684
35568	15975
34221	13848
21454	643
22988	12804
32988	16100
50951	62578
28220	29564
25493	30305
8022	37127
7376	16608
15939	11145
26861	33973
26790	16889
21352	600
14285	38897
18878	5066
12150	39144
10555	36534
33451	11139
12338	28089
11571	37002
7854	19746
10424	6366
34983	5611
21138	30626
6543	34831
5527	16665
21775	10501
31225	7979
21151	26462
24515	30344
33605	23266
32097	635
79130	77411
27309	33314
5775	19921
4456	16154
33417	20442
9366	27903
22477	15077
36371	11090
99693	116529
11706	30752
26285	31795
29139	26176
13571	428
30546	14618
38519	22283
38875	366
38208	30243
37780	20488
20872	11757
5156	39244
74449	52190
32941	33636
20188	498
84802	115883
10721	20049
30102	19421
