22708	22580
33792	2383
18043	33656
26477	2531
22662	4811
8840	34316
1687	25258
17500	7353
4965	2924
5954	37260
15570	33885
2058	10504
37008	35827
18681	16780
30865	36840
17388	14234
33151	3266
23353	10173
21635	2190
37438	13441
32030	36622
3511	38726
14410	24387
9408	13040
25775	37174
18340	3938
14126	17812
20880	36933
30802	18838
9750	20244
33118	8323
1946	31056
29500	11862
30557	31740
21668	34671
28342	36839
1367	35976
1205	1543
8460	10761
21927	34903
10032	28699
9423	36212
29004	1476
11485	38711
31146	7769
3111	16735
10286	34717
8877	27264
8095	30090
14351	37267
15304	13754
11005	31169
2751	15287
13534	8074
28393	29408
14868	7530
3294	21420
34093	15313
10544	18015
34220	19518
15704	13809
17687	36980
8871	37653
8501	985
21835	29958
32621	11788
28193	21520
3503	20650
24207	28329
2935	13624
8924	36743
18023	32477
19372	25915
17463	27786
23031	19259
6675	21032
17830	33195
7668	14844
26891	23075
20405	38076
26434	7533
27054	30766
30222	38911
2942	34959
37202	26349
11563	15226
30635	22461
34982	16853
16130	37347
34459	15360
679	17386
35729	32826
17737	32459
3630	13460
10462	29949
15196	30636
4438	7501
38131	16609
35530	35362
17729	37982
11075	9369
4018	11112
8635	10948
26056	5864
20056	12555
17902	13585
20749	21131
10815	34404
14497	3020
13961	25003
37156	987
14980	13044
34635	37794
38576	25738
24113	30746
9958	9793
1520	21371
3572	26202
17692	38346
16256	7320
30761	25215
234	22485
26033	27577
15478	35133
26284	13851
7637	25320
103	10374
20188	16754
25291	11407
28281	26568
38119	30733
14390	35612
21419	36022
854	613
33511	38938
11461	22761
32326	462
7403	13852
14489	33357
25310	934
10130	5779
36874	13701
17815	11836
14070	18506
35902	16394
36825	25948
1606	18512
33626	4126
14357	30586
31278	36812
26961	18914
13776	8076
2888	49
21795	12828
463	34331
32860	35287
29361	9790
2539	15720
20307	25965
23094	7506
175	30773
70	26388
8799	4513
7060	22916
6347	37398
24242	810
16757	5215
28835	3592
25194	4914
32166	9848
21995	16551
2313	21221
31476	5129
28520	33130
30663	11522
15043	28271
4589	18645
756	33114
20336	30233
7818	30830
37578	17517
10192	31102
889	25677
8717	14246
8592	30964
7171	27814
9888	23102
6167	4820
23742	6875
19390	22524
26944	34904
27411	3275
37034	35613
37146	18660
13404	2820
504	36563
10281	35757
13287	523
6804	36009
35407	4619
11560	12493
12506	7304
28273	35943
2840	21551
30558	4903
16751	8540
36209	18749
29868	28548
14207	32303
18807	18473
11104	36454
15459	25417
31602	22983
9610	37902
17077	22835
22421	17026
3451	21663
38527	25016
5151	8790
33273	37418
10493	13399
2487	32609
6734	11858
22846	28374
19561	34090
1210	37973
27978	6597
13548	12837
11327	3529
25894	6154
36957	69
26566	21212
7855	7033
1022	24870
27035	34370
26063	33280
9548	34386
33795	38020
27201	30228
11588	2779
27720	24368
4432	33023
10156	24079
15546	14417
16334	34912
1990	5231
608	8596
33941	37521
32814	10161
17130	21004
30809	34946
13005	13725
5631	8631
18721	9774
28370	16092
11105	31793
1203	6941
21111	25864
33791	30141
30895	10554
6971	18455
20958	27446
1625	5367
20209	37697
1794	19041
7389	9281
33924	4359
25683	11438
30930	4360
31255	21171
36489	27657
36519	606
29878	26201
18063	2072
9491	29947
10915	29971
13683	36330
18956	12012
17334	6923
12758	15170
37247	7934
25155	28054
25057	37919
30172	26378
2616	16008
9954	5333
29541	3153
5733	30581
20892	21610
21909	10666
4373	19457
29702	15255
2218	30749
31309	5025
29789	7931
6791	34837
24799	8752
354	21287
29750	18422
5363	26980
32376	11996
36323	20269
0	23782
37176	12600
23185	29532
22036	8649
28531	10150
20744	1839
27414	31754
3923	19234
13940	19996
5290	21366
24482	38905
33366	9841
32081	33784
18845	30848
15798	9649
10827	32858
37238	15981
2472	27608
30739	24785
20868	2413
23238	22210
20803	9068
15035	29224
12552	19251
2565	23454
37585	38414
18753	12428
21757	3828
4210	34109
23539	37217
1050	29611
37781	15959
37500	29266
11430	411
28816	15093
3848	20357
36756	33198
30320	25605
6866	33420
2549	17233
6445	6832
21083	18566
25304	19625
34445	35434
12621	38408
1683	13784
35972	8019
26261	1451
26341	34799
9147	17550
4423	27387
37651	32194
28772	15409
22189	34760
17759	27520
25531	35195
22544	17299
32839	37482
14787	31081
11354	22907
36041	20760
23636	7819
8073	28220
29654	24320
35685	4775
6139	8999
275	29160
26967	32029
19124	12712
29024	17984
30831	9011
27959	35196
23323	20788
3842	29322
2319	24080
28322	34061
3792	2943
8564	17431
15214	33507
2222	22445
1386	2022
22493	38229
37932	22789
19773	18221
12382	31993
29889	238
38029	10811
28990	23341
13234	12360
32879	20790
27844	16365
12505	16369
15532	14177
26128	32780
36402	22352
35306	16491
28047	23472
12116	20196
36443	5756
10659	17389
35053	19883
36484	5626
22539	30365
24567	37756
4363	32151
11204	38261
24355	20593
1816	2113
32138	30303
37069	18577
28244	21169
16628	3513
21493	34880
922	27941
7972	35702
9217	35904
31185	211
14653	31731
26968	879
13273	23676
6422	2475
38520	13245
29740	23298
36027	11789
28806	33840
21362	16069
20633	24847
3538	36093
15113	38024
4674	8006
30082	37910
21633	25846
27375	27616
33394	36278
25115	23668
12598	23488
7101	9300
20708	16084
25442	10318
34105	15321
36340	20399
16049	21718
31703	12591
33767	34802
20917	11760
14665	5825
9791	31658
20605	12604
1650	26270
36131	19605
13305	16673
9658	27638
12106	5732
18126	1759
25467	4134
37926	14599
9821	29718
12219	3412
34424	10090
23462	15849
11977	16567
23621	38720
34104	3022
8645	10449
