215	38380
33081	33795
11336	28602
14466	31598
8039	35750
7240	36946
19123	22997
17233	301
35641	20239
22360	10080
19683	23999
11683	1697
5528	24226
5810	32655
11055	38652
39246	23640
8661	8155
3211	31757
21346	7982
28988	35778
15738	26379
23396	32482
18669	23487
32920	6915
33932	32878
6259	20328
10629	15350
28056	11896
38556	16400
867	7007
13203	292
20720	8562
31844	19596
19301	35085
9101	31983
13776	3564
19070	4960
15681	5860
16422	20245
7068	26109
34995	30555
162	6958
6122	39328
15750	6862
38935	8731
4837	3766
11362	22826
15876	38358
16312	17615
20924	35668
6905	38510
24233	18835
9958	20430
33131	11388
6615	24811
13366	34810
37253	18350
15210	17753
27332	16775
14345	37184
2711	4448
23092	6955
21250	17645
5899	2390
25526	5579
16712	36163
2248	8268
2005	33613
18426	18871
4785	2924
39282	18978
4749	26508
7547	16927
26143	26299
32862	3494
36014	7094
13455	11694
22561	22114
36953	38055
3967	13942
25920	8885
16510	29980
2289	1629
36594	15136
6979	22579
25151	8940
6215	3920
34893	22387
20873	6663
25424	6978
4407	10560
3649	19769
30707	38831
8000	9683
3959	1650
33217	11966
26410	38819
39634	25413
8310	25477
2010	9989
22950	21777
10182	27586
10390	29696
21628	38241
17117	24938
19239	11520
7446	19355
1685	27087
34686	1106
12754	25601
14333	27121
2200	25183
6855	10624
2027	22878
9708	22567
4562	35963
24248	9633
36234	15439
8261	18205
4084	31738
17625	28121
16289	10112
25750	12066
17585	3315
17402	1006
5651	11919
37994	1570
19306	37448
17879	10711
33940	11631
2174	30885
36394	3638
34264	15404
27496	24154
7384	30332
18695	26713
10305	25261
21389	9576
31475	25829
6370	7473
31441	28051
36700	33779
10000	22693
17420	11477
29220	21312
31959	19800
32238	23227
20090	21291
3460	2067
14341	9161
26179	33642
14715	7672
4796	9535
31881	31067
3232	16316
6451	10008
32347	9300
22668	9595
11415	14140
9288	1151
20673	34735
10861	1387
22464	18328
6613	30315
8335	33331
32929	6784
36727	31433
390	24025
13454	25844
34816	34283
14544	2565
5114	7378
8187	15087
21722	4495
25806	30404
19522	8527
22781	6483
738	22596
22157	24668
32213	32978
24422	11326
4013	29951
31634	18493
23890	38050
38475	23016
32905	16203
12721	139
30850	26651
6291	10809
38680	25398
38956	4248
21038	4761
30369	22927
2485	4107
31419	3395
406	23475
20374	36864
24770	6949
18841	2400
5642	39294
27626	37840
4487	33545
38393	10779
34272	8913
25340	31777
31369	26690
38639	34783
11199	24543
39304	2581
35172	35754
11121	13140
18122	31625
21869	14609
7476	31326
39278	25330
8734	7146
37494	34551
13394	19870
28611	34249
21576	16436
35094	28893
19210	35083
32163	38615
17947	12390
28948	5656
589	25258
3653	237
1490	7058
13175	34991
13344	36093
36979	8176
17051	18632
1830	826
25329	18692
11152	6032
25035	6811
4706	8027
21795	9789
17290	23334
17350	5876
19335	464
33503	701
15019	28919
18680	25068
28943	25723
18065	26615
18825	5438
23813	1803
21116	15902
20283	33846
28957	3386
14111	13104
20571	30359
21804	33784
4597	2629
24283	5239
15029	30923
36150	4123
11792	35245
31823	39012
17403	34856
39033	11875
22298	38907
15766	22697
25147	35397
10506	11113
20238	17865
18024	3160
17788	9439
20754	11353
28300	36054
35742	17952
12515	32045
12852	28850
37374	14222
37615	17793
14207	31902
5992	13449
8803	10056
27927	30075
11096	22696
2388	6607
21196	16109
23042	31318
9530	13566
18090	17882
4723	35944
9577	16252
27746	36421
14246	7248
10578	3360
35219	31465
20161	14855
25891	4148
21681	1768
38374	6837
19871	12819
16417	17670
34393	26004
25543	14023
31561	9879
37484	37065
5403	12649
35822	26152
22186	18914
26404	37593
17970	26183
28923	28341
20042	30843
15021	33654
19838	34320
4716	14836
885	25986
7340	26282
14982	12110
24260	28751
16370	27524
5452	30589
27999	6358
16052	27861
26645	25753
11029	39531
13187	36247
26641	19385
6355	14165
16635	31726
21072	12146
31411	36856
7488	38990
1841	18887
38617	3970
1278	16266
30690	37730
35587	36052
3668	29305
9091	38616
3825	3634
7671	15778
8486	6057
24513	4989
27336	21492
30981	37905
37011	9136
34273	25440
5400	38899
18969	26942
25063	26082
38613	24738
2539	37861
37453	12077
18848	35975
37733	7939
17787	1726
7622	22943
33221	25027
25439	13277
29341	18748
19151	1736
31186	37101
595	8130
5344	10239
13080	3430
1515	21789
38511	17678
22975	33603
5139	33502
19191	14380
27542	18275
1563	20800
11142	8001
31935	11996
26478	8071
27695	15372
32417	35808
27440	7027
15370	30894
33038	23314
1594	30196
16663	15568
17197	5419
32256	37297
34234	23996
2663	33964
21161	18076
6075	5447
20619	25112
20831	28638
13747	36560
16071	36746
7237	38692
38161	18961
35404	17706
2959	10019
372	3214
17711	18993
4225	22051
736	2587
20210	21502
37830	17796
2018	20036
59	38720
37152	3826
33866	12368
12204	33667
4578	17079
30325	12874
22783	9435
755	5431
33139	38017
11799	37419
24012	18943
39093	21523
34389	23614
10273	15661
11171	18370
2769	21154
30028	2024
38969	20023
37945	13720
36111	5804
6072	18070
64	450
38437	22898
35267	16038
37456	22671
22340	32812
25992	16053
8168	2182
6116	34503
34161	35786
18315	6665
4293	37475
5351	29699
35959	16642
33408	12374
8225	1107
870	37078
10872	25099
38709	20337
35568	15975
97	30684
34221	13848
21454	643
18736	14948
22988	12804
15685	30639
28220	29564
25493	30305
8022	37127
7376	16608
14208	30962
15939	11145
26790	16889
21352	600
14285	38897
18878	5066
10555	36534
33451	11139
11571	37002
7854	19746
34983	5611
10424	6366
21138	30626
5527	16665
21775	10501
14099	23210
31225	7979
20639	19102
21151	26462
24515	30344
33605	23266
32097	635
17427	21114
27309	33314
4456	16154
33417	20442
9366	27903
23387	7961
22477	15077
36371	11090
36751	596
26285	31795
29139	26176
31755	489
13571	428
38519	22283
16751	10910
38875	366
38208	30243
37780	20488
1625	725
5156	39244
32941	33636
20188	498
10721	20049
30102	19421
