30085	21583
6229	2424
24997	31403
33792	2383
18043	33656
32802	37525
10493	23470
1687	25258
37140	19116
38871	31873
8839	33704
8135	24072
17500	7353
7064	27856
12266	2453
17307	10826
15570	33885
4936	5215
2058	10504
13753	6316
24091	17314
37008	35827
30865	36840
33151	3266
23353	10173
33210	8029
34459	3366
17012	2701
3546	29379
21635	2190
32030	36622
3511	38726
30737	20960
28060	6268
3516	32654
14410	24387
9408	13040
25775	37174
33577	19598
33046	15123
6009	31166
1383	15819
26274	22893
9750	20244
33118	8323
1946	31056
30557	31740
12038	19946
1288	17491
28342	36839
1367	35976
37948	3168
24055	1948
8460	10761
21927	34903
36264	27541
10032	28699
9423	36212
29004	1476
11485	38711
21348	6176
293	15226
3111	16735
25538	28054
8877	27264
22196	5110
15304	13754
11005	31169
23250	14235
13534	8074
21999	26818
12200	5319
3294	21420
10544	18015
34220	19518
17687	36980
8871	37653
8501	985
21835	29958
11022	8101
32621	11788
3503	20650
34601	7182
2935	13624
36297	31590
8924	36743
18023	32477
15223	24597
18316	18577
28132	22875
23031	19259
36176	6099
1246	18670
25088	27323
35347	20760
7668	14844
20405	38076
27054	30766
30222	38911
37083	7419
37202	26349
18341	14715
30701	32767
29427	35149
30635	22461
16130	37347
28197	7633
35729	32826
3478	38111
17737	32459
3630	13460
7167	19247
6504	22866
7923	5922
4438	7501
38131	16609
28221	20696
464	23581
32190	29100
21970	23186
25651	36565
8635	10948
26056	5864
20056	12555
20749	21131
10815	34404
14497	3020
16716	15046
13961	25003
12363	33820
34635	37794
23399	19654
9958	9793
1520	21371
33616	6678
9769	17999
1829	32563
17692	38346
16256	7320
12834	36568
234	22485
26033	27577
26284	13851
7637	25320
9216	6788
103	10374
21805	22210
20188	16754
28281	26568
38119	30733
14390	35612
33511	38938
3418	10162
7403	13852
14489	33357
25310	934
12911	21782
10130	5779
36874	13701
17815	11836
35902	16394
7140	5917
38916	20190
38488	37261
1606	18512
7619	11144
30939	32224
31278	36812
13776	8076
2888	49
21795	12828
29361	9790
2539	15720
20307	25965
35710	22199
23961	3308
175	30773
7060	22916
29693	30288
34857	1094
24242	810
18672	13622
6139	2427
28835	3592
29578	11620
25194	4914
32166	9848
17426	1550
9641	757
2313	21221
31476	5129
28520	33130
30663	11522
29444	16235
15043	28271
30627	28309
11655	33831
7818	30830
5134	15168
10192	31102
3558	23503
889	25677
8717	14246
1204	833
2587	35883
24113	17629
9327	34460
7171	27814
15320	20667
36332	37139
9888	23102
6167	4820
23742	6875
19390	22524
26944	34904
37034	35613
6521	9033
37146	18660
35498	11172
35171	5957
13404	2820
504	36563
2173	18473
13287	523
1638	30988
11944	2824
28702	35959
35407	4619
11560	12493
28273	35943
36218	20915
32987	25946
2840	21551
16751	8540
35246	26924
22176	28301
36209	18749
29868	28548
22213	14234
38577	36892
15459	25417
9610	37902
17077	22835
28009	22832
981	7176
25433	36379
7371	20916
37470	23437
23486	10287
17336	13399
726	34123
37950	8905
5650	3946
33273	37418
5882	23418
2487	32609
19561	34090
1210	37973
27978	6597
13548	12837
28667	12857
36957	69
26566	21212
7855	7033
27035	34370
26063	33280
14428	27170
27201	30228
11588	2779
27720	24368
4432	33023
10156	24079
15546	14417
16334	34912
1990	5231
32814	10161
35648	18253
17130	21004
13005	13725
5631	8631
18721	9774
28370	16092
11105	31793
21111	25864
33791	30141
9290	7461
4143	8299
30895	10554
3928	34959
6971	18455
20209	37697
1794	19041
25480	25720
33924	4359
30930	4360
29878	26201
36489	27657
18063	2072
35706	973
13683	36330
3773	3642
12758	15170
4645	21763
7279	27234
25057	37919
30172	26378
2616	16008
17902	21865
17388	28972
35860	21681
9954	5333
12679	27430
6347	1226
29541	3153
21909	10666
5733	30581
4373	19457
31309	5025
29789	7931
13832	3712
17709	1938
24799	8752
29750	18422
5363	26980
0	23782
35796	1675
37176	12600
23185	29532
7244	21596
22036	8649
30093	22702
28531	10150
23892	9633
20744	1839
27414	31754
3923	19234
31292	5623
24482	38905
36450	24533
28806	36795
32081	33784
18845	30848
18902	18977
7009	36488
15798	9649
37238	15981
10593	18538
2472	27608
30739	24785
7308	1470
20803	9068
15035	29224
20414	23525
12552	19251
2565	23454
37585	38414
25900	29167
4210	34109
23539	37217
5747	19735
891	21045
37781	15959
36756	33198
30320	25605
6866	33420
25304	19625
1683	13784
35972	8019
26261	1451
4423	27387
31596	8999
37651	32194
28772	15409
22189	34760
17759	27520
25531	35195
23746	27809
32839	37482
7416	38559
11354	22907
23636	7819
19077	27818
275	29160
19124	12712
29024	17984
30831	9011
10807	13752
32847	3330
34072	21728
23323	20788
15075	25189
28322	34061
3792	2943
15214	33507
2222	22445
11504	34101
26657	11037
19773	18221
13379	1994
12382	31993
29889	238
38029	10811
24478	16867
38815	7519
31761	38476
28990	23341
22948	24922
32879	20790
10393	29554
38874	30474
27844	16365
30078	19376
15411	36909
15532	14177
14339	2651
16828	34423
22667	25182
36402	22352
35306	16491
5076	36261
10380	18612
5105	35174
36443	5756
36484	5626
24567	37756
4363	32151
11204	38261
9114	8044
24355	20593
1816	2113
26893	23588
28244	21169
16628	3513
24532	7951
21493	34880
922	27941
26151	14603
9217	35904
738	5098
27217	1327
26968	879
13273	23676
17160	30983
6422	2475
38520	13245
21093	16610
29740	23298
28018	36268
21362	16069
3538	36093
38900	7980
30082	37910
21633	25846
22404	10048
27375	27616
12598	23488
12827	7361
3867	1345
7101	9300
25442	10318
34105	15321
26204	22319
36340	20399
16049	21718
14665	5825
20605	12604
30199	24746
1650	26270
13305	16673
12106	5732
18126	1759
25467	4134
37926	14599
12219	3412
32347	37260
33184	14856
19302	15
34104	3022
